1 0.662260 0.372596 0.122596 0.158654
1 0.554087 0.332933 0.103365 0.146635
1 0.519231 0.514423 0.125000 0.153846
1 0.372596 0.474760 0.110577 0.161058
1 0.600962 0.179087 0.100962 0.122596
1 0.430288 0.325721 0.105769 0.161058
1 0.507212 0.157452 0.096154 0.132212
1 0.306490 0.328125 0.103365 0.161058
1 0.370192 0.282452 0.076923 0.103365
1 0.203125 0.320913 0.132212 0.175481
1 0.112981 0.292067 0.129808 0.180288
1 0.038462 0.264423 0.076923 0.187500
1 0.138221 0.076923 0.112981 0.153846
1 0.275240 0.108173 0.112981 0.144231
1 0.917067 0.418269 0.161058 0.355769
1 0.782452 0.372596 0.108173 0.322115
1 0.616587 0.798077 0.218750 0.399038
