1 0.090144 0.133413 0.180288 0.266827
1 0.378606 0.133413 0.271635 0.266827
1 0.219952 0.133413 0.204327 0.266827
1 0.721154 0.157452 0.043269 0.218750
1 0.763221 0.120192 0.122596 0.216346
1 0.841346 0.111779 0.129808 0.223558
1 0.915865 0.149038 0.110577 0.216346
1 0.947115 0.181490 0.100962 0.170673
1 0.325721 0.737981 0.651442 0.519231
1 0.938702 0.698317 0.117788 0.574519
1 0.796875 0.652644 0.194712 0.617788
1 0.876202 0.525240 0.165865 0.367788
1 0.918269 0.521635 0.125000 0.317308
1 0.963942 0.477163 0.067308 0.209135
