1 0.693000 0.361333 0.094000 0.200000
1 0.349000 0.377333 0.074000 0.104000
1 0.275000 0.433333 0.106000 0.184000
1 0.953000 0.657333 0.090000 0.226667
1 0.873000 0.661333 0.114000 0.272000
1 0.761000 0.609333 0.126000 0.226667
1 0.663000 0.617333 0.110000 0.232000
1 0.459000 0.397333 0.058000 0.106667
1 0.560000 0.372000 0.100000 0.152000
1 0.431000 0.461333 0.058000 0.101333
1 0.503000 0.548000 0.126000 0.248000
1 0.380000 0.600000 0.120000 0.245333
1 0.316000 0.630667 0.036000 0.216000
1 0.251000 0.578667 0.118000 0.229333
1 0.153000 0.588000 0.134000 0.210667
1 0.043000 0.601333 0.086000 0.237333
1 0.624000 0.460000 0.088000 0.184000
