0 0.2640625 0.8234375 0.2625 0.34375
0 0.30859375 0.61796875 0.196875 0.1609375
0 0.30546875 0.49453125 0.16875 0.11875
0 0.309375 0.4265625 0.153125 0.10625
0 0.32421875 0.34765625 0.128125 0.0921875
0 0.3421875 0.26171875 0.1640625 0.1765625
0 0.36875 0.1578125 0.1484375 0.09375
0 0.4890625 0.64453125 0.1875 0.2625
0 0.5 0.809375 0.2046875 0.36875
0 0.51875 0.4421875 0.2234375 0.3296875
0 0.51953125 0.2765625 0.2078125 0.153125
0 0.521875 0.2 0.1734375 0.0796875
0 0.509375 0.134375 0.134375 0.059375
0 0.5109375 0.11328125 0.1234375 0.0703125
0 0.521875 0.165625 0.125 0.059375
0 0.665625 0.1 0.0984375 0.0375
0 0.690625 0.22421875 0.14375 0.0734375
0 0.70078125 0.25078125 0.1640625 0.0859375
0 0.69375 0.1671875 0.1453125 0.0484375
0 0.675 0.13203125 0.10625 0.034375
0 0.71875 0.37421875 0.1765625 0.23125
0 0.7015625 0.20625 0.128125 0.0796875
0 0.68046875 0.11953125 0.075 0.04375