0 0.81015625 0.26953125 0.2859375 0.271875
0 0.14296875 0.578125 0.24375 0.36875
0 0.146875 0.8109375 0.2140625 0.30625
0 0.234375 0.146875 0.29375 0.253125
0 0.24609375 0.33046875 0.29375 0.34375
0 0.3484375 0.8109375 0.3828125 0.3296875
0 0.38828125 0.571875 0.3125 0.3953125
0 0.50859375 0.30546875 0.29375 0.315625
0 0.5 0.1234375 0.259375 0.1828125
0 0.6828125 0.79921875 0.353125 0.3203125
0 0.70078125 0.53359375 0.3015625 0.3390625
0 0.91484375 0.79296875 0.1421875 0.3109375
0 0.9078125 0.5296875 0.1234375 0.3015625