0 0.75390625 0.5625 0.084375 0.1828125
0 0.06953125 0.57109375 0.0921875 0.15625
0 0.084375 0.43359375 0.0875 0.146875
0 0.1421875 0.57421875 0.0875 0.1828125
0 0.1921875 0.4328125 0.084375 0.103125
0 0.2203125 0.57421875 0.0890625 0.1859375
0 0.26328125 0.56875 0.0671875 0.18125
0 0.321875 0.5765625 0.084375 0.184375
0 0.3796875 0.50234375 0.0609375 0.065625
0 0.4 0.5765625 0.0859375 0.184375
0 0.4484375 0.459375 0.0921875 0.103125
0 0.51796875 0.48828125 0.040625 0.065625
0 0.53984375 0.50625 0.0703125 0.0578125
0 0.5640625 0.521875 0.0875 0.053125
0 0.63125 0.53984375 0.05625 0.0703125
0 0.66796875 0.58046875 0.0875 0.1515625
0 0.80625 0.5671875 0.0625 0.165625
0 0.85234375 0.5796875 0.1015625 0.1703125
0 0.8859375 0.49609375 0.0875 0.0984375
0 0.90859375 0.5734375 0.0671875 0.16875
0 0.9625 0.5796875 0.075 0.1765625