0 0.712016 0.508766 0.064938 0.056281
0 0.814937 0.505406 0.071219 0.058219
0 0.925320 0.504328 0.062547 0.060813
0 0.687227 0.515148 0.062547 0.052172
0 0.606062 0.516125 0.052156 0.054125
0 0.583336 0.502273 0.054328 0.051953
0 0.525969 0.520453 0.065156 0.067094
0 0.444805 0.498914 0.053891 0.036578
0 0.374453 0.504438 0.065156 0.064938
0 0.355086 0.529117 0.060609 0.054109
0 0.305195 0.512984 0.039172 0.047844
0 0.283656 0.536797 0.056281 0.047406
0 0.242531 0.508766 0.043281 0.047625
0 0.204430 0.537773 0.045453 0.054109
0 0.191453 0.527055 0.049781 0.053891
0 0.142859 0.522727 0.047406 0.045234
0 0.104984 0.500000 0.041344 0.038750
0 0.069266 0.528141 0.043500 0.038750
