0 0.650438 0.287984 0.067312 0.051938
0 0.629875 0.341992 0.073813 0.060391
0 0.660281 0.343070 0.056281 0.053891
0 0.729547 0.264070 0.064938 0.043078
0 0.777164 0.313852 0.060609 0.065141
0 0.730516 0.563961 0.140469 0.101734
0 0.807359 0.374570 0.078125 0.069266
0 0.523813 0.197078 0.034844 0.047625
0 0.662445 0.527055 0.112547 0.114922
0 0.313961 0.640695 0.142859 0.104109
0 0.331172 0.190477 0.030094 0.034422
0 0.113641 0.200211 0.032687 0.028359
0 0.167750 0.204547 0.028344 0.028344
0 0.580195 0.188313 0.060609 0.030094
0 0.349672 0.193719 0.032469 0.040906
