1 0.079327 0.227163 0.158654 0.358173
1 0.243990 0.286058 0.319712 0.240385
1 0.397837 0.288462 0.286058 0.235577
1 0.729567 0.203125 0.343750 0.406250
1 0.878606 0.243990 0.237981 0.324519
1 0.522837 0.698317 0.064904 0.579327
1 0.474760 0.658654 0.161058 0.500000
1 0.423077 0.616587 0.264423 0.415865
1 0.322115 0.584135 0.206731 0.350962
1 0.253606 0.557692 0.189904 0.298077
1 0.179087 0.527644 0.180288 0.237981
1 0.120192 0.492788 0.149038 0.168269
1 0.076923 0.481971 0.139423 0.146635
1 0.800481 0.701923 0.365385 0.586538
