1 0.227163 0.039663 0.117788 0.079327
1 0.057692 0.115385 0.115385 0.216346
1 0.382212 0.366587 0.067308 0.233173
1 0.433894 0.396635 0.122596 0.250000
1 0.501202 0.320913 0.127404 0.218750
1 0.574519 0.287260 0.134615 0.228365
1 0.656250 0.300481 0.115385 0.221154
1 0.710337 0.338942 0.122596 0.221154
1 0.887019 0.269231 0.144231 0.245192
1 0.781250 0.300481 0.110577 0.221154
1 0.966346 0.231971 0.062500 0.276442
1 0.945913 0.727163 0.103365 0.281250
1 0.784856 0.784856 0.137019 0.242788
1 0.378606 0.788462 0.060096 0.408654
1 0.582933 0.741587 0.286058 0.343750
1 0.867788 0.853365 0.086538 0.168269
1 0.449519 0.776442 0.201923 0.413462
