1 0.044471 0.270433 0.088942 0.276442
1 0.325721 0.439904 0.161058 0.072115
1 0.894231 0.456731 0.100962 0.038462
1 0.914663 0.360577 0.093750 0.144231
1 0.949519 0.188702 0.086538 0.117788
1 0.793269 0.375000 0.091346 0.149038
1 0.844952 0.323317 0.069712 0.093750
1 0.685096 0.376202 0.120192 0.156250
1 0.588942 0.353365 0.115385 0.163462
1 0.477163 0.336538 0.127404 0.163462
1 0.560096 0.135817 0.100962 0.141827
1 0.703125 0.157452 0.103365 0.127404
1 0.626202 0.580529 0.146635 0.204327
1 0.790865 0.575721 0.144231 0.194712
1 0.901442 0.633413 0.192308 0.310096
