3 0.06015625 0.40234375 0.0671875 0.0625
3 0.2015625 0.40703125 0.0671875 0.03828125
3 0.42890625 0.41328125 0.05546875 0.04609375
3 0.515625 0.41328125 0.05078125 0.0359375
3 0.56640625 0.41328125 0.0453125 0.040625
3 0.3609375 0.42265625 0.03359375 0.03125
3 0.85 0.42734375 0.05078125 0.040625
3 0.64921875 0.43046875 0.04296875 0.0265625
3 0.16015625 0.4328125 0.040625 0.03125
3 0.33046875 0.43828125 0.0359375 0.03828125
3 0.25625 0.44609375 0.040625 0.03359375
3 0.75703125 0.446875 0.053125 0.03125
3 0.9375 0.45390625 0.03359375 0.021875
3 0.99296875 0.47265625 0.0140625 0.02421875