3 0.165625 0.384375 0.0640625 0.1078125
3 0.38984375 0.43125 0.0359375 0.08125
3 0.22265625 0.421875 0.04609375 0.08671875
3 0.2546875 0.4234375 0.034375 0.084375
3 0.3 0.4234375 0.03984375 0.08984375
8 0.32890625 0.44765625 0.03828125 0.071875
3 0.4203125 0.428125 0.028125 0.075
8 0.44609375 0.428125 0.028125 0.06328125
8 0.5796875 0.415625 0.03203125 0.06328125
8 0.865625 0.39609375 0.04375 0.084375
8 0.76875 0.3921875 0.0421875 0.06875
8 0.646875 0.4296875 0.0421875 0.078125
8 0.67890625 0.39609375 0.03828125 0.06640625
8 0.609375 0.41015625 0.034375 0.06875
8 0.5609375 0.4171875 0.02578125 0.05390625