3 0.1140625 0.2515625 0.0796875 0.134375
3 0.19765625 0.30625 0.05625 0.0921875
3 0.23984375 0.309375 0.04375 0.08125
3 0.284375 0.25625 0.0796875 0.15546875
3 0.44609375 0.28125 0.0640625 0.1
3 0.55625 0.28984375 0.071875 0.15234375
3 0.509375 0.28828125 0.05 0.1078125
3 0.7453125 0.23828125 0.09375 0.15546875
3 0.70234375 0.28828125 0.03203125 0.09765625
3 0.78515625 0.28984375 0.04609375 0.115625
3 0.834375 0.31875 0.04375 0.084375
3 0.90234375 0.33046875 0.084375 0.15546875
3 0.96796875 0.30625 0.04375 0.07109375