8 0.08203125 0.51484375 0.084375 0.13515625
8 0.17421875 0.53125 0.084375 0.12578125
8 0.3453125 0.59765625 0.10234375 0.16796875
8 0.728125 0.60390625 0.115625 0.18046875
8 0.871875 0.48828125 0.05625 0.09296875
8 0.92421875 0.45625 0.05625 0.10234375
8 0.19765625 0.425 0.05625 0.08125
8 0.82109375 0.503125 0.065625 0.1171875
8 0.034375 0.47734375 0.06015625 0.1078125
8 0.3171875 0.41875 0.04609375 0.09296875
8 0.40703125 0.4140625 0.04609375 0.078125
8 0.48203125 0.40390625 0.03203125 0.06328125
8 0.50078125 0.378125 0.02578125 0.05390625
8 0.54375 0.39921875 0.03203125 0.071875
8 0.68203125 0.39375 0.0359375 0.06015625
8 0.82109375 0.4203125 0.03828125 0.05390625
8 0.7640625 0.40390625 0.04765625 0.06875