8 0.465625 0.21796875 0.06796875 0.12890625
8 0.303125 0.21328125 0.07421875 0.13828125
8 0.696875 0.20859375 0.07421875 0.12890625
8 0.17421875 0.2 0.0796875 0.14140625
8 0.103125 0.25234375 0.065625 0.1140625
8 0.865625 0.22109375 0.06015625 0.12890625
8 0.8421875 0.21015625 0.05234375 0.1203125
8 0.37734375 0.2671875 0.04609375 0.1140625
8 0.22265625 0.275 0.03828125 0.06328125
8 0.43125 0.2625 0.034375 0.08671875
8 0.590625 0.21171875 0.05390625 0.1109375
8 0.6359375 0.21953125 0.04375 0.08984375
8 0.79765625 0.24140625 0.0359375 0.075
8 0.05703125 0.2640625 0.034375 0.1078125