3 0.015625 0.5703125 0.028125 0.06640625
3 0.065625 0.571875 0.03984375 0.06328125
3 0.12265625 0.6484375 0.04609375 0.071875
3 0.46171875 0.5484375 0.04375 0.08125
3 0.37109375 0.6078125 0.034375 0.06328125
3 0.23828125 0.5734375 0.03203125 0.05390625
3 0.171875 0.60390625 0.03203125 0.06640625
3 0.8140625 0.67421875 0.03984375 0.06328125
3 0.8828125 0.453125 0.034375 0.06015625
3 0.77734375 0.48203125 0.0421875 0.06328125
3 0.6921875 0.52265625 0.0359375 0.06640625
3 0.56328125 0.5375 0.05 0.078125
3 0.52890625 0.540625 0.03828125 0.071875
3 0.15078125 0.55859375 0.0296875 0.06015625
3 0.19375 0.55390625 0.03203125 0.05703125
3 0.21328125 0.571875 0.034375 0.06328125
8 0.409375 0.6109375 0.0296875 0.05703125
8 0.62734375 0.51484375 0.0421875 0.06875