3 0.565625 0.67578125 0.05234375 0.078125
3 0.95625 0.71328125 0.05625 0.08125
3 0.134375 0.63828125 0.04375 0.075
3 0.3578125 0.48203125 0.03984375 0.05703125
3 0.2421875 0.4546875 0.03203125 0.05078125
3 0.07109375 0.48828125 0.0296875 0.05078125
3 0.371875 0.56875 0.028125 0.0390625
3 0.52265625 0.39765625 0.02578125 0.0453125
3 0.490625 0.3859375 0.0296875 0.0453125
3 0.759375 0.378125 0.0421875 0.05390625
3 0.103125 0.378125 0.0296875 0.0359375
3 0.13515625 0.3546875 0.0296875 0.0421875
3 0.18984375 0.33046875 0.0203125 0.0359375
8 0.15625 0.67109375 0.0359375 0.05703125
3 0.26171875 0.40078125 0.02421875 0.0390625