10 0.0546875 0.39609375 0.02890625 0.0703125
10 0.0078125 0.403125 0.015625 0.08359375
10 0.128125 0.40703125 0.02421875 0.06015625
10 0.09296875 0.41015625 0.0296875 0.0671875
10 0.178125 0.4109375 0.03203125 0.08125
10 0.5125 0.465625 0.07265625 0.18359375
10 0.3890625 0.4734375 0.08671875 0.18203125
10 0.26875 0.49140625 0.121875 0.265625
10 0.59765625 0.50234375 0.0796875 0.18515625
10 0.690625 0.52109375 0.09296875 0.29609375
10 0.9484375 0.54140625 0.1015625 0.2703125
10 0.8265625 0.540625 0.1328125 0.32890625