3 0.096875 0.3640625 0.08203125 0.125
3 0.734375 0.41875 0.0640625 0.11171875
3 0.45 0.39609375 0.0640625 0.10390625
8 0.82109375 0.375 0.0703125 0.1203125
8 0.96015625 0.40546875 0.071875 0.12265625
8 0.53125 0.36953125 0.07421875 0.1203125
8 0.34296875 0.4109375 0.0578125 0.1015625
8 0.61328125 0.3546875 0.0578125 0.09609375
8 0.021875 0.38515625 0.03984375 0.10390625
8 0.90078125 0.39453125 0.05 0.090625
3 0.23984375 0.4203125 0.05625 0.0984375
8 0.14375 0.4171875 0.05234375 0.0828125
3 0.175 0.40546875 0.03828125 0.08515625
8 0.2859375 0.40703125 0.04375 0.071875
3 0.40625 0.409375 0.028125 0.06171875