3 0.178125 0.76015625 0.04765625 0.11015625
3 0.08984375 0.73046875 0.04375 0.0859375
3 0.48203125 0.471875 0.05234375 0.11015625
3 0.28203125 0.6828125 0.0359375 0.07421875
3 0.353125 0.60703125 0.0578125 0.1015625
3 0.56328125 0.47734375 0.0578125 0.11015625
3 0.61171875 0.42109375 0.071875 0.121875
3 0.6828125 0.3671875 0.078125 0.13984375
3 0.75 0.32734375 0.0640625 0.125
3 0.8703125 0.2265625 0.0796875 0.13671875
3 0.4453125 0.528125 0.0421875 0.0859375
3 0.209375 0.67265625 0.0296875 0.05390625