13 0.12578125 0.31640625 0.08359375 0.17265625
13 0.465625 0.32734375 0.07421875 0.14921875
10 0.64375 0.34453125 0.06328125 0.1609375
10 0.8375 0.346875 0.0859375 0.1421875
10 0.63515625 0.34765625 0.07109375 0.1609375
10 0.59375 0.390625 0.071875 0.13671875
13 0.36953125 0.40078125 0.07890625 0.14609375
13 0.75390625 0.4078125 0.10703125 0.1609375
10 0.946875 0.45 0.078125 0.1359375
13 0.39609375 0.51640625 0.10390625 0.1421875
13 0.175 0.55390625 0.08671875 0.1828125
10 0.6640625 0.61015625 0.0765625 0.1515625
13 0.29296875 0.93828125 0.06171875 0.1234375
10 0.54375 0.19453125 0.0875 0.12421875
10 0.7046875 0.275 0.0734375 0.153125