12 0.4265625 0.125 0.01796875 0.03515625
12 0.41328125 0.146875 0.01328125 0.04140625
12 0.4296875 0.16171875 0.02109375 0.0453125
12 0.41875 0.225 0.0265625 0.053125
12 0.4234375 0.275 0.025 0.0625
12 0.4125 0.3078125 0.02734375 0.0578125
12 0.4265625 0.35 0.034375 0.071875
12 0.38046875 0.39765625 0.0421875 0.07578125
12 0.384375 0.4375 0.0375 0.07578125
12 0.38515625 0.4828125 0.04921875 0.07890625
12 0.39375 0.53828125 0.05078125 0.09296875
12 0.38671875 0.6046875 0.0578125 0.1109375
12 0.4421875 0.7 0.0640625 0.11875
12 0.4359375 0.11640625 0.0203125 0.0515625