12 0.61328125 0.828125 0.053125 0.2484375
12 0.21953125 0.8328125 0.04765625 0.2421875
12 0.8921875 0.85859375 0.05703125 0.228125
12 0.50703125 0.41015625 0.034375 0.14765625
12 0.0734375 0.46484375 0.02421875 0.1140625
12 0.70546875 0.571875 0.01953125 0.10390625
12 0.54375 0.57421875 0.0421875 0.18828125
12 0.259375 0.58359375 0.0234375 0.12734375
12 0.3484375 0.63046875 0.0328125 0.18828125
12 0.921875 0.63046875 0.0265625 0.12421875
12 0.0890625 0.72421875 0.04453125 0.18515625
12 0.71796875 0.78046875 0.0390625 0.18515625