12 0.18671875 0.62890625 0.1328125 0.5203125
12 0.3078125 0.67578125 0.16015625 0.49453125
12 0.43515625 0.67890625 0.128125 0.56015625
12 0.56953125 0.68828125 0.128125 0.5546875
12 0.68046875 0.7109375 0.1296875 0.540625
12 0.4953125 0.12734375 0.0609375 0.2546875
12 0.41015625 0.1890625 0.078125 0.271875
12 0.475 0.19921875 0.08671875 0.29140625
12 0.54296875 0.2109375 0.075 0.303125
12 0.3640625 0.215625 0.09921875 0.2890625
12 0.61796875 0.22421875 0.08515625 0.32890625
12 0.69296875 0.234375 0.075 0.32578125
12 0.7984375 0.25625 0.071875 0.3578125
12 0.33046875 0.26015625 0.10546875 0.30625
12 0.27890625 0.32734375 0.1234375 0.3578125
12 0.7828125 0.3359375 0.0796875 0.37421875
12 0.21953125 0.38125 0.13125 0.3578125
12 0.74140625 0.42109375 0.10390625 0.42578125
12 0.175 0.459375 0.15546875 0.39453125
12 0.72578125 0.55078125 0.09453125 0.48359375
12 0.0875 0.58671875 0.15546875 0.49453125