12 0.6671875 0.3953125 0.121875 0.1
12 0.53125 0.4484375 0.1328125 0.11171875
12 0.340625 0.4921875 0.14609375 0.11171875
12 0.075 0.54453125 0.13984375 0.1296875
12 0.35703125 0.5625 0.13515625 0.128125
12 0.62578125 0.09765625 0.028125 0.03515625
12 0.65859375 0.10390625 0.028125 0.040625
12 0.68828125 0.11015625 0.03203125 0.0390625
12 0.38984375 0.115625 0.04765625 0.0421875
12 0.7296875 0.1171875 0.028125 0.0453125
12 0.4390625 0.11953125 0.03671875 0.04921875
12 0.759375 0.12578125 0.04296875 0.040625
12 0.48046875 0.13125 0.03203125 0.0453125
12 0.8109375 0.13359375 0.03671875 0.04921875
12 0.53515625 0.13671875 0.03203125 0.04765625
12 0.86015625 0.14375 0.02578125 0.05546875
12 0.57578125 0.14296875 0.04765625 0.05390625
12 0.90546875 0.15703125 0.05234375 0.05234375
12 0.628125 0.1921875 0.05390625 0.0640625
12 0.5890625 0.20859375 0.05234375 0.06875
12 0.53515625 0.2265625 0.06484375 0.06875
12 0.4828125 0.24140625 0.06953125 0.06875
12 0.3875 0.25234375 0.06484375 0.07578125
12 0.2578125 0.26015625 0.0671875 0.06953125
12 0.13515625 0.26171875 0.08515625 0.0796875
12 0.91640625 0.2828125 0.0734375 0.0859375
12 0.85078125 0.309375 0.0953125 0.0875
12 0.7703125 0.35 0.10859375 0.09609375