12 0.90390625 0.63359375 0.059375 0.23515625
12 0.19765625 0.628125 0.0484375 0.25
12 0.26796875 0.6671875 0.06328125 0.265625
12 0.34921875 0.7 0.06953125 0.29296875
12 0.471875 0.7359375 0.08203125 0.328125
12 0.60625 0.7890625 0.0984375 0.3703125
12 0.33046875 0.49765625 0.04453125 0.15234375
12 0.46484375 0.51796875 0.0421875 0.13046875
12 0.51796875 0.53515625 0.0359375 0.15234375
12 0.58046875 0.540625 0.06015625 0.175
12 0.68515625 0.56953125 0.05 0.1953125
12 0.0296875 0.5734375 0.04765625 0.203125
12 0.08046875 0.5921875 0.04140625 0.203125
12 0.13828125 0.60703125 0.05 0.2203125