12 0.77109375 0.64140625 0.08984375 0.30703125
12 0.5984375 0.64921875 0.084375 0.2515625
12 0.38203125 0.73515625 0.090625 0.3265625
12 0.8703125 0.9046875 0.03359375 0.190625
12 0.42265625 0.09609375 0.071875 0.1921875
12 0.31015625 0.1390625 0.0671875 0.18203125
12 0.18515625 0.1765625 0.07109375 0.2453125
12 0.89140625 0.1875 0.06953125 0.19609375
12 0.6875 0.23671875 0.06875 0.259375
12 0.44375 0.34375 0.07421875 0.27109375
12 0.2234375 0.4375 0.08671875 0.27890625
12 0.03984375 0.51640625 0.06640625 0.29453125
12 0.8890625 0.52421875 0.078125 0.23984375