12 0.24921875 0.43984375 0.02109375 0.0859375
12 0.2796875 0.42265625 0.02109375 0.07578125
12 0.2640625 0.446875 0.01328125 0.0515625
12 0.36328125 0.3828125 0.01015625 0.0296875
12 0.40625 0.36015625 0.00703125 0.0203125
12 0.6953125 0.40703125 0.0265625 0.08671875
12 0.665625 0.3953125 0.0203125 0.0765625
12 0.6765625 0.415625 0.01796875 0.05625
12 0.5953125 0.36796875 0.01015625 0.028125
12 0.56171875 0.34921875 0.0078125 0.02109375
12 0.54453125 0.3421875 0.00625 0.01796875
12 0.42578125 0.35 0.00546875 0.01640625
12 0.43984375 0.34296875 0.00390625 0.01171875
12 0.53515625 0.3359375 0.0046875 0.01328125
12 0.528125 0.33203125 0.00390625 0.0140625