12 0.25 0.5046875 0.01796875 0.05546875
12 0.753125 0.51953125 0.0234375 0.065625
12 0.72734375 0.4265625 0.00625 0.02109375
12 0.6296875 0.43828125 0.0109375 0.03046875
12 0.58828125 0.41484375 0.00703125 0.02109375
12 0.56640625 0.4015625 0.00625 0.01484375
12 0.5546875 0.39296875 0.00546875 0.0140625
12 0.3671875 0.43046875 0.01171875 0.03125
12 0.40703125 0.40703125 0.00703125 0.0203125
12 0.43125 0.39609375 0.0046875 0.0140625
12 0.44375 0.38828125 0.00390625 0.01328125
12 0.45390625 0.3828125 0.00390625 0.01171875
12 0.54375 0.3859375 0.00390625 0.0109375
12 0.65234375 0.39375 0.0046875 0.0140625
12 0.6484375 0.3921875 0.00390625 0.01328125