12 0.009375 0.69765625 0.01875 0.05625
12 0.31328125 0.4171875 0.02109375 0.04609375
12 0.38125 0.37578125 0.01015625 0.02421875
12 0.4125 0.35703125 0.00703125 0.01953125
12 0.43046875 0.3484375 0.00546875 0.01640625
12 0.440625 0.34296875 0.00390625 0.0140625
12 0.53046875 0.3359375 0.0046875 0.01328125
12 0.54140625 0.34140625 0.00546875 0.0171875
12 0.55859375 0.34765625 0.00625 0.01796875
12 0.5890625 0.3640625 0.00859375 0.02265625
12 0.66015625 0.39609375 0.01875 0.05
12 0.978125 0.5875 0.02890625 0.12734375