12 0.08984375 0.56015625 0.053125 0.1703125
12 0.0109375 0.66171875 0.021875 0.13203125
12 0.04453125 0.62890625 0.03984375 0.128125
12 0.93828125 0.5015625 0.0578125 0.15859375
12 0.9796875 0.55390625 0.0359375 0.10703125
12 0.34609375 0.4046875 0.01171875 0.0390625
12 0.40625 0.3671875 0.0078125 0.02265625
12 0.43125 0.35078125 0.00546875 0.0171875
12 0.4453125 0.34140625 0.00546875 0.01328125
12 0.45546875 0.33671875 0.0046875 0.0125
12 0.6625 0.38203125 0.01484375 0.0421875
12 0.59921875 0.353125 0.009375 0.02265625
12 0.57109375 0.34140625 0.0078125 0.01875
12 0.5546875 0.3328125 0.0046875 0.01328125