12 0.24140625 0.27578125 0.01171875 0.0390625
12 0.128125 0.2796875 0.0125 0.0453125
12 0.1921875 0.325 0.0171875 0.0609375
12 0.315625 0.2453125 0.00546875 0.02265625
12 0.2890625 0.2734375 0.009375 0.0359375
12 0.33359375 0.26171875 0.00703125 0.0296875
12 0.7421875 0.29453125 0.00625 0.01953125
12 0.37265625 0.31015625 0.01328125 0.046875
12 0.6453125 0.27421875 0.0046875 0.01640625
12 0.41796875 0.25625 0.00625 0.02421875
12 0.69375 0.28359375 0.00546875 0.0171875
12 0.3484375 0.2421875 0.00625 0.0203125
12 0.82578125 0.30625 0.00546875 0.01953125
12 0.9046875 0.3203125 0.00625 0.01953125
12 0.4578125 0.275 0.00625 0.028125
12 0.83828125 0.31484375 0.00625 0.021875
12 0.43125 0.26328125 0.00625 0.025
12 0.48046875 0.25390625 0.0046875 0.01875
12 0.1859375 0.43515625 0.0296875 0.1109375
12 0.384375 0.24140625 0.0046875 0.0171875
12 0.51640625 0.25625 0.0046875 0.0171875
12 0.55703125 0.2609375 0.0046875 0.0171875
12 0.12109375 0.34609375 0.02265625 0.075
12 0.4625 0.28671875 0.0078125 0.0328125
12 0.4890625 0.2484375 0.00390625 0.01640625
12 0.5484375 0.25546875 0.00390625 0.01484375
12 0.32734375 0.25390625 0.0046875 0.025
12 0.78515625 0.3046875 0.00625 0.0203125
12 0.428125 0.29921875 0.01015625 0.03984375
12 0.32265625 0.2671875 0.009375 0.0328125
12 0.4265625 0.25234375 0.00546875 0.0203125
12 0.4609375 0.5734375 0.03828125 0.1578125
12 0.4484375 0.2515625 0.00546875 0.0203125
12 0.73046875 0.2859375 0.0046875 0.0171875
12 0.434375 0.24296875 0.0046875 0.0140625
12 0.86015625 0.31328125 0.00546875 0.01875
12 0.6125 0.26875 0.00390625 0.01640625
12 0.66953125 0.27421875 0.00390625 0.01640625
12 0.609375 0.26484375 0.0015625 0.01484375
12 0.7890625 0.29765625 0.003125 0.0171875
12 0.8203125 0.77734375 0.03046875 0.14140625