12 0.478125 0.578125 0.04296875 0.1671875
12 0.48359375 0.4078125 0.02265625 0.08828125
12 0.4140625 0.35703125 0.0171875 0.0640625
12 0.41796875 0.2875 0.0078125 0.03359375
12 0.43828125 0.2515625 0.00390625 0.0203125
12 0.47109375 0.2671875 0.00546875 0.02734375
12 0.31796875 0.3421875 0.01171875 0.05234375
12 0.19375 0.34765625 0.01015625 0.04453125
12 0.084375 0.36328125 0.0109375 0.046875
12 0.09375 0.30234375 0.0046875 0.01953125
12 0.17734375 0.28515625 0.003125 0.01640625
12 0.253125 0.27265625 0.0046875 0.0171875
12 0.3234375 0.26328125 0.0046875 0.01875
12 0.3859375 0.25390625 0.00390625 0.01875
12 0.7375 0.353125 0.0203125 0.08046875
12 0.56953125 0.31015625 0.0125 0.053125
12 0.428125 0.303125 0.0109375 0.04140625
12 0.38125 0.27578125 0.00546875 0.02578125
12 0.39140625 0.26796875 0.00546875 0.025
12 0.375 0.26328125 0.00546875 0.021875
12 0.340625 0.26484375 0.00625 0.021875
12 0.33125 0.29296875 0.00859375 0.03125
12 0.2953125 0.2703125 0.00546875 0.0203125
12 0.24140625 0.27734375 0.0046875 0.0203125
12 0.24296875 0.3140625 0.0078125 0.03515625
12 0.184375 0.28828125 0.0046875 0.01953125
12 0.13671875 0.3359375 0.00859375 0.03671875
12 0.121875 0.30078125 0.00625 0.021875
12 0.0578125 0.3171875 0.00390625 0.02265625
12 0.640625 0.25078125 0.0078125 0.03125
12 0.696875 0.25625 0.00859375 0.0359375
12 0.52890625 0.26875 0.0078125 0.0328125
12 0.5640625 0.2796875 0.00703125 0.03984375
12 0.159375 0.3203125 0.0125 0.05546875
12 0.1125 0.3453125 0.0171875 0.0703125
12 0.11796875 0.3265625 0.009375 0.05546875
12 0.0578125 0.3546875 0.015625 0.0703125
12 0.8234375 0.23359375 0.00546875 0.03046875
12 0.825 0.2046875 0.0046875 0.021875
12 0.784375 0.2203125 0.003125 0.02421875
12 0.7390625 0.2359375 0.0046875 0.02578125
12 0.76328125 0.2125 0.003125 0.0203125
12 0.74921875 0.20625 0.00390625 0.01484375
12 0.71015625 0.2125 0.00390625 0.01640625
12 0.58203125 0.21875 0.003125 0.01328125
12 0.57734375 0.21640625 0.003125 0.01328125
12 0.5671875 0.2234375 0.003125 0.01640625
12 0.49921875 0.23203125 0.003125 0.0140625
12 0.49609375 0.228125 0.00234375 0.01328125
12 0.4328125 0.2421875 0.003125 0.01484375
12 0.421875 0.23984375 0.003125 0.0140625
12 0.871875 0.2125 0.0046875 0.02734375