12 0.878125 0.340625 0.02578125 0.08359375
12 0.66640625 0.47734375 0.04140625 0.14765625
12 0.32265625 0.1703125 0.00234375 0.01171875
12 0.43671875 0.17265625 0.0046875 0.02265625
12 0.2796875 0.1796875 0.00546875 0.021875
12 0.21484375 0.17734375 0.00234375 0.01171875
12 0.2625 0.17421875 0.00234375 0.01171875
12 0.23671875 0.17734375 0.0046875 0.01875
12 0.3421875 0.17734375 0.00625 0.02265625
12 0.309375 0.16875 0.003125 0.01640625
12 0.36328125 0.16484375 0.003125 0.0109375
12 0.52265625 0.16640625 0.0046875 0.01953125
12 0.40546875 0.16484375 0.003125 0.01640625
12 0.46953125 0.16171875 0.0046875 0.01875
12 0.45625 0.15625 0.003125 0.00859375
12 0.57890625 0.16015625 0.0046875 0.01484375
12 0.33828125 0.16171875 0.00234375 0.01171875
12 0.23203125 0.17734375 0.003125 0.0109375
12 0.3890625 0.15703125 0.00234375 0.01015625
12 0.28828125 0.17265625 0.003125 0.0140625
12 0.29765625 0.16796875 0.00234375 0.01171875
12 0.34765625 0.16484375 0.0046875 0.0171875
12 0.29609375 0.17265625 0.00234375 0.01171875
12 0.44140625 0.15546875 0.003125 0.00625
12 0.2171875 0.17578125 0.00234375 0.01484375
12 0.52421875 0.1578125 0.003125 0.01171875
12 0.634375 0.15703125 0.003125 0.01015625