12 0.6125 0.37265625 0.02734375 0.096875
12 0.71328125 0.26796875 0.0140625 0.05546875
12 0.75546875 0.22421875 0.0109375 0.0390625
12 0.77734375 0.20078125 0.00859375 0.03046875
12 0.79140625 0.18515625 0.00625 0.02578125
12 0.8015625 0.17578125 0.00546875 0.02265625
12 0.8078125 0.16875 0.00546875 0.0203125
12 0.8125 0.16328125 0.00390625 0.01640625
12 0.9421875 0.1765625 0.0078125 0.0296875
12 0.92734375 0.16796875 0.00625 0.025
12 0.91640625 0.16171875 0.00546875 0.01875
12 0.8171875 0.159375 0.00390625 0.0140625
12 0.9078125 0.15859375 0.0046875 0.01328125