12 0.67734375 0.53125 0.02734375 0.09921875
12 0.834375 0.4984375 0.02265625 0.07265625
12 0.5421875 0.38203125 0.0109375 0.03828125
12 0.42890625 0.3671875 0.009375 0.03515625
12 0.7703125 0.39453125 0.00859375 0.0328125
12 0.2875 0.34296875 0.009375 0.03359375
12 0.6875 0.39296875 0.009375 0.03359375
12 0.68125 0.37734375 0.00546875 0.025
12 0.60625 0.37265625 0.00703125 0.0296875
12 0.48515625 0.36171875 0.00703125 0.02578125
12 0.8703125 0.38125 0.00546875 0.01640625
12 0.3515625 0.62890625 0.0453125 0.16640625
12 0.25546875 0.3375 0.00859375 0.0296875
12 0.390625 0.3484375 0.0078125 0.03125
12 0.71015625 0.37578125 0.0078125 0.02734375
12 0.8421875 0.37890625 0.00625 0.02265625
12 0.24453125 0.3359375 0.00703125 0.028125
12 0.09921875 0.31171875 0.0078125 0.01953125
12 0.16015625 0.3171875 0.00703125 0.01875
12 0.215625 0.32109375 0.00625 0.01875
12 0.26640625 0.33515625 0.00625 0.0203125
12 0.28046875 0.32578125 0.00703125 0.0171875
12 0.3296875 0.3296875 0.00625 0.01640625
12 0.34140625 0.35390625 0.0109375 0.03125
12 0.3375 0.34375 0.00546875 0.021875
12 0.33515625 0.340625 0.0046875 0.01875
12 0.37421875 0.33515625 0.00625 0.01484375
12 0.3984375 0.3453125 0.00625 0.0203125
12 0.40625 0.346875 0.00625 0.01953125
12 0.45859375 0.35 0.00625 0.01953125
12 0.47890625 0.353125 0.00546875 0.01953125
12 0.53359375 0.35703125 0.00546875 0.0203125
12 0.578125 0.36015625 0.00625 0.01640625
12 0.5875 0.359375 0.00625 0.01640625
12 0.57109375 0.34765625 0.00390625 0.01328125
12 0.59765625 0.35 0.0046875 0.0109375
12 0.628125 0.36328125 0.0046875 0.01875
12 0.64140625 0.36171875 0.00546875 0.0171875
12 0.6765625 0.3625 0.0046875 0.01640625
12 0.6609375 0.35390625 0.00390625 0.01171875
12 0.6875 0.36640625 0.00546875 0.01953125
12 0.72734375 0.37265625 0.00625 0.02265625
12 0.7390625 0.37109375 0.00703125 0.0203125
12 0.61796875 0.34921875 0.0046875 0.01171875
12 0.7546875 0.36953125 0.00703125 0.02421875
12 0.76015625 0.365625 0.00546875 0.01875
12 0.78828125 0.37265625 0.00625 0.01953125
12 0.81640625 0.39296875 0.0078125 0.02734375
12 0.940625 0.38828125 0.00625 0.021875
12 0.8765625 0.3796875 0.0046875 0.01640625
12 0.88125 0.37734375 0.00390625 0.01484375