12 0.29140625 0.5671875 0.034375 0.1171875
12 0.86171875 0.48671875 0.0234375 0.08828125
12 0.659375 0.42734375 0.01328125 0.05625
12 0.52734375 0.47734375 0.02109375 0.07734375
12 0.89375 0.42109375 0.0171875 0.0578125
12 0.7859375 0.33515625 0.0046875 0.01875
12 0.753125 0.33125 0.00390625 0.01640625
12 0.71015625 0.3484375 0.00546875 0.02265625
12 0.8640625 0.3703125 0.00859375 0.03359375
12 0.778125 0.3546875 0.00625 0.02578125
12 0.53125 0.3453125 0.0046875 0.0171875
12 0.72421875 0.38984375 0.01015625 0.03828125
12 0.91953125 0.68671875 0.0625 0.1890625
12 0.56796875 0.33984375 0.00390625 0.01640625
12 0.6359375 0.32890625 0.003125 0.01171875
12 0.871875 0.3484375 0.00625 0.025
12 0.60078125 0.3421875 0.00390625 0.0171875
12 0.50546875 0.34140625 0.003125 0.01484375
12 0.91953125 0.33984375 0.00546875 0.0203125
12 0.83203125 0.33046875 0.00390625 0.01484375
12 0.7015625 0.36171875 0.00703125 0.028125
12 0.67265625 0.3296875 0.003125 0.01328125
12 0.584375 0.35 0.00546875 0.021875
12 0.79453125 0.32734375 0.003125 0.01171875
12 0.72421875 0.37265625 0.0078125 0.03359375
12 0.8234375 0.36015625 0.00625 0.0296875
12 0.71796875 0.3296875 0.003125 0.0140625
12 0.5984375 0.32578125 0.003125 0.01015625
12 0.884375 0.3875 0.01171875 0.0421875
12 0.94765625 0.36015625 0.00625 0.028125
12 0.6484375 0.35390625 0.00625 0.02265625
12 0.81796875 0.340625 0.0046875 0.01875
12 0.55703125 0.33671875 0.003125 0.01328125
12 0.60234375 0.3234375 0.003125 0.01015625
12 0.60859375 0.32734375 0.003125 0.01171875
12 0.75859375 0.32578125 0.003125 0.01328125
12 0.50625 0.3375 0.00234375 0.0140625
12 0.509375 0.33359375 0.00234375 0.01328125
12 0.51171875 0.33125 0.00234375 0.01171875
12 0.55546875 0.3328125 0.0015625 0.01171875
12 0.646875 0.34375 0.003125 0.0203125
12 0.64921875 0.325 0.003125 0.0109375
12 0.86875 0.334375 0.003125 0.0203125
12 0.715625 0.32578125 0.003125 0.01171875
12 0.66953125 0.3265625 0.003125 0.01171875