12 0.478125 0.325 0.0140625 0.05625
12 0.45703125 0.48828125 0.03046875 0.125
12 0.565625 0.28125 0.01015625 0.0421875
12 0.9453125 0.203125 0.00859375 0.028125
12 0.72734375 0.2328125 0.0078125 0.0296875
12 0.740625 0.30390625 0.01484375 0.06015625
12 0.46875 0.4046875 0.01953125 0.0890625
12 0.91015625 0.2234375 0.01015625 0.0359375
12 0.82734375 0.21640625 0.0078125 0.028125
12 0.74375 0.27265625 0.009375 0.04765625
12 0.8109375 0.34375 0.0203125 0.0796875
12 0.8375 0.2359375 0.0109375 0.03671875
12 0.63828125 0.253125 0.0078125 0.0328125
12 0.778125 0.25234375 0.009375 0.0390625
12 0.315625 0.70234375 0.0625 0.21953125