12 0.71796875 0.43125 0.03125 0.11484375
12 0.375 0.5953125 0.0515625 0.18046875
12 0.91640625 0.209375 0.00390625 0.01640625
12 0.8875 0.19296875 0.003125 0.01171875
12 0.94375 0.18671875 0.003125 0.0109375
12 0.85703125 0.196875 0.00234375 0.0109375
12 0.91796875 0.18984375 0.003125 0.01171875
12 0.85703125 0.21171875 0.003125 0.0140625
12 0.903125 0.20546875 0.003125 0.01484375
12 0.9296875 0.19140625 0.003125 0.01328125
12 0.56015625 0.234375 0.003125 0.0140625
12 0.93828125 0.1796875 0.0015625 0.00859375
12 0.56484375 0.23125 0.003125 0.0140625
12 0.89296875 0.190625 0.00234375 0.01171875
12 0.90234375 0.20078125 0.003125 0.0140625
12 0.86328125 0.19296875 0.00234375 0.01015625
12 0.85390625 0.2078125 0.00234375 0.0140625
12 0.5265625 0.22734375 0.00234375 0.0109375