12 0.59140625 0.425 0.0109375 0.04140625
12 0.496875 0.4921875 0.01953125 0.07578125
12 0.71171875 0.43203125 0.009375 0.0359375
12 0.73671875 0.46484375 0.0125 0.05078125
12 0.5234375 0.43984375 0.0140625 0.05234375
12 0.771875 0.509375 0.01796875 0.06875
12 0.7453125 0.4078125 0.00546875 0.02265625
12 0.5375 0.39921875 0.009375 0.0328125
12 0.7734375 0.41953125 0.00546875 0.028125
12 0.82734375 0.4375 0.009375 0.03359375
12 0.92890625 0.4609375 0.01171875 0.0390625
12 0.65703125 0.41171875 0.00703125 0.0296875
12 0.365625 0.7515625 0.0578125 0.18984375
12 0.8609375 0.58828125 0.03359375 0.10234375