12 0.64921875 0.540625 0.07109375 0.3078125
12 0.7140625 0.44453125 0.03671875 0.228125
12 0.68984375 0.528125 0.0421875 0.16484375
12 0.7265625 0.3734375 0.01953125 0.0921875
12 0.66875 0.31171875 0.01640625 0.06171875
12 0.58671875 0.28671875 0.01171875 0.05
12 0.49140625 0.27890625 0.0109375 0.0421875
12 0.3921875 0.28125 0.00859375 0.03828125
12 0.2765625 0.29375 0.009375 0.0359375
12 0.14921875 0.315625 0.01015625 0.03828125
12 0.14296875 0.30078125 0.00546875 0.03125
12 0.296875 0.27578125 0.00703125 0.03125
12 0.43828125 0.26015625 0.00703125 0.03125
12 0.56484375 0.2546875 0.0078125 0.0359375
12 0.69921875 0.2609375 0.0109375 0.04375
12 0.834375 0.28125 0.01484375 0.05859375
12 0.846875 0.2578125 0.0125 0.046875
12 0.86640625 0.22734375 0.009375 0.03359375
12 0.87578125 0.209375 0.00625 0.02734375
12 0.8828125 0.19765625 0.00625 0.02265625
12 0.9140625 0.1953125 0.00625 0.02265625
12 0.946875 0.19296875 0.00625 0.025
12 0.9046875 0.1890625 0.003125 0.01953125