12 0.11015625 0.44296875 0.0203125 0.06875
12 0.4015625 0.54375 0.0296875 0.11328125
12 0.17109375 0.41171875 0.01328125 0.05078125
12 0.08515625 0.40234375 0.01171875 0.04453125
12 0.67265625 0.40390625 0.01171875 0.04453125
12 0.60078125 0.3796875 0.00859375 0.0328125
12 0.2984375 0.38984375 0.009375 0.0359375
12 0.1140625 0.390625 0.009375 0.03359375
12 0.3578125 0.44453125 0.01875 0.06484375
12 0.5328125 0.41953125 0.0140625 0.0546875
12 0.53125 0.36328125 0.00625 0.025
12 0.215625 0.3875 0.0078125 0.03125
12 0.5765625 0.3671875 0.00625 0.02578125
12 0.4734375 0.3921875 0.01015625 0.03984375
12 0.66796875 0.46484375 0.01953125 0.07421875
12 0.45625 0.3796875 0.0078125 0.0296875
12 0.34453125 0.40625 0.0125 0.04765625
12 0.27265625 0.36875 0.00546875 0.0203125
12 0.36953125 0.36640625 0.0046875 0.01953125
12 0.159375 0.3796875 0.00625 0.02421875
12 0.33046875 0.37109375 0.00546875 0.025
12 0.05390625 0.38671875 0.00703125 0.02578125
12 0.08203125 0.36171875 0.0046875 0.01484375
12 0.8125 0.43828125 0.015625 0.0578125
12 0.39453125 0.371875 0.00546875 0.02421875
12 0.25390625 0.37421875 0.00546875 0.02265625
12 0.378125 0.35234375 0.003125 0.01328125
12 0.13125 0.3609375 0.0046875 0.01484375
12 0.26328125 0.35625 0.003125 0.0140625
12 0.871875 0.52890625 0.028125 0.103125
12 0.453125 0.3640625 0.003125 0.01953125
12 0.16796875 0.37421875 0.0046875 0.02265625
12 0.3171875 0.35234375 0.00390625 0.01640625
12 0.20390625 0.35703125 0.0046875 0.01640625