12 0.75546875 0.62265625 0.03984375 0.13984375
12 0.26953125 0.4828125 0.0203125 0.078125
12 0.70546875 0.43046875 0.01328125 0.04765625
12 0.6734375 0.40703125 0.01015625 0.03984375
12 0.44140625 0.37734375 0.00703125 0.0328125
12 0.92421875 0.446875 0.01328125 0.05
12 0.34453125 0.3984375 0.009375 0.03984375
12 0.73984375 0.396875 0.009375 0.03515625
12 0.628125 0.38515625 0.0078125 0.03125
12 0.27265625 0.67265625 0.04296875 0.16875
12 0.5546875 0.39921875 0.00859375 0.03515625
12 0.2703125 0.4203125 0.01171875 0.053125
12 0.93203125 0.38984375 0.00625 0.02578125
12 0.7078125 0.38125 0.0078125 0.0296875
12 0.68046875 0.36328125 0.0046875 0.02421875
12 0.50859375 0.36640625 0.00625 0.03046875
12 0.6 0.36484375 0.00625 0.02421875
12 0.871875 0.38984375 0.0078125 0.0296875
12 0.759375 0.35703125 0.0046875 0.01875
12 0.81640625 0.36953125 0.00546875 0.021875
12 0.7984375 0.35 0.003125 0.01328125
12 0.51640625 0.41640625 0.009375 0.0453125
12 0.81015625 0.39453125 0.00859375 0.028125
12 0.834375 0.36484375 0.00546875 0.021875
12 0.93828125 0.3578125 0.003125 0.0171875
12 0.8640625 0.4171875 0.009375 0.04375
12 0.7734375 0.3765625 0.00625 0.025
12 0.84296875 0.35078125 0.003125 0.01484375
12 0.85 0.36171875 0.0046875 0.0171875
12 0.92578125 0.3625 0.00390625 0.01640625
12 0.8890625 0.3546875 0.00390625 0.01484375
12 0.87265625 0.35859375 0.00390625 0.01484375
12 0.72578125 0.36015625 0.00546875 0.0203125
12 0.80703125 0.4703125 0.01953125 0.06328125
12 0.89375 0.340625 0.003125 0.01640625
12 0.91796875 0.34375 0.00390625 0.0140625
12 0.86640625 0.33984375 0.0046875 0.0171875
12 0.825 0.334375 0.003125 0.01171875
12 0.7734375 0.3546875 0.00546875 0.02265625
12 0.8171875 0.3296875 0.00390625 0.01484375
12 0.83203125 0.3296875 0.003125 0.01171875
12 0.78984375 0.3296875 0.003125 0.0140625
12 0.59375 0.50703125 0.021875 0.08828125
12 0.49609375 0.44765625 0.0171875 0.0578125
12 0.946875 0.3390625 0.00390625 0.01484375
12 0.90546875 0.33203125 0.0046875 0.0140625
12 0.8515625 0.33515625 0.003125 0.0109375
12 0.878125 0.33203125 0.00390625 0.0140625
12 0.940625 0.34765625 0.00390625 0.01640625