12 0.78828125 0.3390625 0.021875 0.08671875
12 0.8984375 0.25859375 0.01484375 0.0546875
12 0.83125 0.259375 0.01328125 0.05078125
12 0.58046875 0.18125 0.0015625 0.01015625
12 0.88203125 0.228125 0.00625 0.03515625
12 0.6609375 0.1734375 0.0015625 0.01015625
12 0.54296875 0.18359375 0.0015625 0.00859375
12 0.7046875 0.16875 0.0015625 0.01171875
12 0.61953125 0.17734375 0.0015625 0.00859375
12 0.61640625 0.6578125 0.06328125 0.22578125
12 0.75234375 0.16484375 0.0015625 0.0109375
12 0.4234375 0.1984375 0.0015625 0.0078125
12 0.41953125 0.19609375 0.0015625 0.0078125
12 0.446875 0.19375 0.0015625 0.0078125
12 0.45546875 0.19453125 0.0015625 0.00859375
12 0.4875 0.19140625 0.0015625 0.00859375
12 0.47734375 0.190625 0.0015625 0.0078125
12 0.509375 0.18671875 0.0015625 0.00859375
12 0.52421875 0.1875 0.0015625 0.01015625
12 0.5625 0.18515625 0.0015625 0.00859375
12 0.60390625 0.18046875 0.0015625 0.00859375
12 0.6484375 0.17578125 0.00234375 0.0109375
12 0.6953125 0.171875 0.00234375 0.0109375
12 0.746875 0.1671875 0.00234375 0.0109375
12 0.8015625 0.16328125 0.0015625 0.00859375
12 0.85859375 0.15703125 0.00234375 0.01015625
12 0.85625 0.1578125 0.0015625 0.00859375
12 0.365625 0.20234375 0.00234375 0.01328125
12 0.3703125 0.2015625 0.00234375 0.01171875
12 0.34453125 0.20625 0.0015625 0.00859375
12 0.34609375 0.2046875 0.0015625 0.0078125
12 0.390625 0.19921875 0.00078125 0.00859375
12 0.39296875 0.19921875 0.0015625 0.00625