12 0.759375 0.53046875 0.0609375 0.13359375
12 0.63203125 0.4375 0.0328125 0.084375
12 0.54765625 0.40078125 0.025 0.0625
12 0.496875 0.3796875 0.0203125 0.05390625
12 0.42734375 0.371875 0.015625 0.0453125
12 0.33984375 0.36640625 0.015625 0.03984375
12 0.25546875 0.3703125 0.0125 0.0328125
12 0.17734375 0.37578125 0.0125 0.0265625
12 0.12265625 0.50859375 0.04609375 0.10234375
12 0.20234375 0.43203125 0.0265625 0.0625
12 0.21640625 0.3984375 0.015625 0.04296875
12 0.16640625 0.3921875 0.015625 0.0375
12 0.06640625 0.384375 0.0140625 0.04140625
12 0.0546875 0.39375 0.01484375 0.05234375