12 0.06328125 0.8234375 0.06015625 0.15390625
12 0.3359375 0.4375 0.0234375 0.06015625
12 0.18515625 0.45703125 0.01328125 0.04140625
12 0.12421875 0.45390625 0.009375 0.02890625
12 0.859375 0.57734375 0.03828125 0.0921875
12 0.65234375 0.38203125 0.01796875 0.04375
12 0.60078125 0.34140625 0.01171875 0.02578125
12 0.590625 0.31875 0.0109375 0.02421875
12 0.60078125 0.3078125 0.01015625 0.01953125
12 0.62109375 0.3 0.0078125 0.01875
12 0.3875 0.36328125 0.01171875 0.0328125
12 0.303125 0.37890625 0.0109375 0.0296875
12 0.3453125 0.34921875 0.0078125 0.02109375
12 0.38125 0.32421875 0.00625 0.01640625
12 0.4484375 0.32734375 0.0078125 0.02109375
12 0.48125 0.31328125 0.00703125 0.01953125
12 0.5125 0.30078125 0.00546875 0.01640625
12 0.23515625 0.3828125 0.00859375 0.025
12 0.29296875 0.3515625 0.00625 0.01640625