12 0.09609375 0.64765625 0.084375 0.16796875
12 0.35390625 0.44453125 0.03203125 0.078125
12 0.34921875 0.3828125 0.0234375 0.05703125
12 0.2734375 0.33359375 0.01796875 0.04140625
12 0.23671875 0.30703125 0.01171875 0.028125
12 0.896875 0.3 0.0140625 0.03671875
12 0.92734375 0.3 0.009375 0.03046875
12 0.81015625 0.42421875 0.02421875 0.07109375
12 0.6234375 0.359375 0.01875 0.04140625
12 0.48203125 0.325 0.01171875 0.0296875
12 0.38671875 0.3078125 0.00859375 0.0234375
12 0.3390625 0.28671875 0.0078125 0.03203125
12 0.33203125 0.2859375 0.00703125 0.0328125
12 0.21953125 0.28671875 0.0078125 0.03203125
12 0.21640625 0.2859375 0.00546875 0.03359375
12 0.196875 0.284375 0.00546875 0.02109375
12 0.184375 0.28125 0.00625 0.0203125