12 0.01953125 0.53984375 0.0390625 0.1265625
12 0.18359375 0.46328125 0.034375 0.0765625
12 0.22421875 0.41328125 0.01796875 0.04609375
12 0.178125 0.3796875 0.01328125 0.03984375
12 0.22578125 0.38359375 0.01484375 0.034375
12 0.8 0.60234375 0.06953125 0.16953125
12 0.6703125 0.471875 0.0328125 0.08984375
12 0.58828125 0.4125 0.02421875 0.06328125
12 0.5203125 0.3875 0.01875 0.05
12 0.4765625 0.3734375 0.0140625 0.0453125
12 0.415625 0.3625 0.0171875 0.0421875
12 0.33203125 0.36015625 0.0125 0.034375
12 0.253125 0.36171875 0.01015625 0.03203125
12 0.18046875 0.365625 0.01171875 0.03671875
12 0.075 0.38671875 0.01328125 0.04765625