12 0.51640625 0.3796875 0.01875 0.03203125
12 0.82890625 0.4125 0.025 0.06953125
12 0.73515625 0.3703125 0.0140625 0.046875
12 0.7515625 0.36328125 0.02109375 0.07421875
12 0.7203125 0.35390625 0.0203125 0.065625
12 0.52578125 0.359375 0.01875 0.06328125
12 0.534375 0.36015625 0.02578125 0.03671875
12 0.69609375 0.3515625 0.01328125 0.03359375
12 0.64765625 0.32890625 0.01015625 0.02421875
12 0.61796875 0.31796875 0.00546875 0.01875
12 0.60390625 0.309375 0.00546875 0.015625
12 0.6125 0.30625 0.00546875 0.015625
12 0.63359375 0.3015625 0.0046875 0.01484375
12 0.49375 0.31796875 0.00859375 0.01640625
12 0.9359375 0.34296875 0.0078125 0.01953125
12 0.9875 0.35703125 0.0078125 0.025
12 0.90234375 0.33359375 0.00625 0.01953125
12 0.9109375 0.35390625 0.01015625 0.03046875
12 0.83359375 0.33359375 0.0078125 0.025
12 0.8046875 0.321875 0.00625 0.02109375