12 0.77578125 0.565625 0.0578125 0.14765625
12 0.559375 0.4546875 0.0296875 0.0859375
12 0.49140625 0.415625 0.025 0.06484375
12 0.4328125 0.39375 0.0171875 0.04296875
12 0.39296875 0.3875 0.01953125 0.0546875
12 0.34375 0.37890625 0.0203125 0.04375
12 0.25625 0.38515625 0.01328125 0.0328125
12 0.175 0.42265625 0.02109375 0.05625
12 0.13515625 0.44375 0.02578125 0.0640625
12 0.06640625 0.4953125 0.0359375 0.1109375
12 0.09609375 0.4125 0.01640625 0.04765625
12 0.14296875 0.3890625 0.0125 0.03515625