12 0.79140625 0.4796875 0.03125 0.0765625
12 0.68671875 0.35703125 0.0140625 0.03515625
12 0.6578125 0.3203125 0.00703125 0.0203125
12 0.6671875 0.30859375 0.00546875 0.015625
12 0.32578125 0.5109375 0.034375 0.07734375
12 0.4734375 0.3671875 0.01484375 0.0359375
12 0.50078125 0.33046875 0.00859375 0.0234375
12 0.42734375 0.33125 0.0078125 0.02109375
12 0.31015625 0.3828125 0.01171875 0.03125
12 0.1625 0.4625 0.0140625 0.03828125
12 0.09453125 0.465625 0.00859375 0.0234375
12 0.203125 0.40546875 0.0078125 0.0203125