12 0.834375 0.5 0.05234375 0.103125
12 0.69453125 0.43984375 0.0265625 0.07265625
12 0.70625 0.3984375 0.01875 0.05546875
12 0.78359375 0.3734375 0.01953125 0.040625
12 0.94765625 0.359375 0.01796875 0.0453125
12 0.134375 0.6046875 0.0640625 0.13984375
12 0.24375 0.490625 0.03984375 0.0875
12 0.30703125 0.4375 0.0203125 0.059375
12 0.40234375 0.40390625 0.01484375 0.05390625
12 0.5015625 0.384375 0.0171875 0.03984375
12 0.60703125 0.365625 0.015625 0.03671875
12 0.75546875 0.3453125 0.01484375 0.0375
12 0.91640625 0.3359375 0.01328125 0.03984375
12 0.0078125 0.3921875 0.01171875 0.0328125
12 0.1859375 0.37734375 0.009375 0.03203125
12 0.35390625 0.3578125 0.0078125 0.025
12 0.28046875 0.3640625 0.01015625 0.025
12 0.46640625 0.33984375 0.0078125 0.02109375
12 0.546875 0.33203125 0.00625 0.01875
12 0.2703125 0.3578125 0.01015625 0.0421875
12 0.28984375 0.35703125 0.01015625 0.0359375
12 0.321875 0.3625 0.0125 0.04765625
12 0.3453125 0.36171875 0.0125 0.0453125
12 0.334375 0.3734375 0.00859375 0.02265625
12 0.43203125 0.35859375 0.0078125 0.0265625
12 0.5234375 0.340625 0.00859375 0.0265625
12 0.5734375 0.3390625 0.0078125 0.025
12 0.63828125 0.33046875 0.00703125 0.0265625
12 0.21484375 0.38984375 0.009375 0.03203125