12 0.08203125 0.59609375 0.07578125 0.15703125
12 0.28125 0.5171875 0.04609375 0.10546875
12 0.44296875 0.4625 0.02265625 0.07265625
12 0.5421875 0.41953125 0.01328125 0.040625
12 0.56015625 0.39375 0.0109375 0.03984375
12 0.5828125 0.38203125 0.01015625 0.03125
12 0.49140625 0.41796875 0.02421875 0.0875
12 0.5078125 0.4171875 0.0171875 0.08046875
12 0.85546875 0.4640625 0.028125 0.0765625
12 0.79375 0.42109375 0.01640625 0.04765625
12 0.78046875 0.3890625 0.01015625 0.0375
12 0.809375 0.42421875 0.02421875 0.09140625
12 0.0578125 0.42421875 0.015625 0.05546875
12 0.12265625 0.4046875 0.01484375 0.04453125
12 0.7640625 0.37109375 0.009375 0.03125
12 0.7609375 0.3671875 0.009375 0.02890625
12 0.74765625 0.359375 0.00703125 0.02578125
12 0.71171875 0.3546875 0.0078125 0.025
12 0.6609375 0.35234375 0.00703125 0.025
12 0.59765625 0.35234375 0.00703125 0.0203125
12 0.54609375 0.3515625 0.00546875 0.01875
12 0.453125 0.35234375 0.00703125 0.025
12 0.37421875 0.35 0.009375 0.02578125
12 0.60078125 0.371875 0.00703125 0.028125
12 0.58828125 0.36328125 0.00703125 0.01875
12 0.5328125 0.3578125 0.00859375 0.0234375
12 0.484375 0.35859375 0.00703125 0.0203125