12 0.07109375 0.56640625 0.05234375 0.11171875
12 0.140625 0.490625 0.03671875 0.06796875
12 0.19375 0.44140625 0.021875 0.0546875
12 0.28359375 0.4125 0.01875 0.04375
12 0.378125 0.38984375 0.0140625 0.03671875
12 0.4765625 0.3734375 0.01171875 0.03125
12 0.30859375 0.3671875 0.00859375 0.025
12 0.21015625 0.3828125 0.0078125 0.0234375
12 0.08828125 0.4078125 0.01171875 0.03046875
12 0.40078125 0.3546875 0.009375 0.0234375
12 0.44765625 0.3484375 0.0078125 0.0203125
12 0.50625 0.34140625 0.00859375 0.02109375
12 0.53671875 0.33828125 0.00703125 0.0203125
12 0.60859375 0.3546875 0.01015625 0.028125
12 0.54609375 0.334375 0.00625 0.01640625
12 0.55 0.33046875 0.00546875 0.01640625
12 0.58046875 0.321875 0.00546875 0.0140625
12 0.7453125 0.34609375 0.0109375 0.02890625
12 0.634375 0.3171875 0.0046875 0.0140625
12 0.7 0.315625 0.0046875 0.015625
12 0.77578125 0.31171875 0.0046875 0.0171875
12 0.83203125 0.3109375 0.00546875 0.01796875
12 0.9109375 0.33671875 0.01015625 0.028125
12 0.9109375 0.309375 0.00625 0.02265625
12 0.996875 0.30546875 0.00625 0.02421875
12 0.9046875 0.5296875 0.046875 0.12421875
12 0.921875 0.36015625 0.01875 0.04296875
12 0.98515625 0.30078125 0.0078125 0.01953125
12 0.765625 0.3640625 0.015625 0.04140625
12 0.6453125 0.4734375 0.0328125 0.08046875
12 0.62890625 0.37890625 0.0125 0.0390625
12 0.5453125 0.4359375 0.025 0.0625
12 0.55859375 0.40390625 0.0171875 0.04609375
12 0.15390625 0.37890625 0.00859375 0.02265625
12 0.05546875 0.39375 0.009375 0.0265625
12 0.14140625 0.371875 0.01328125 0.03828125
12 0.16328125 0.3703125 0.0125 0.03359375
12 0.19765625 0.37734375 0.015625 0.0484375
12 0.221875 0.37421875 0.0140625 0.0453125
12 0.22890625 0.36640625 0.01015625 0.025
12 0.34453125 0.3515625 0.01015625 0.02109375
12 0.421875 0.34296875 0.0078125 0.01953125
12 0.45 0.33671875 0.00859375 0.01953125
12 0.46953125 0.33125 0.0046875 0.015625
12 0.4890625 0.32734375 0.00546875 0.01484375
12 0.51640625 0.3234375 0.00390625 0.01328125
12 0.5609375 0.31796875 0.0046875 0.01328125
12 0.61640625 0.31328125 0.00546875 0.01484375
12 0.67421875 0.31015625 0.0046875 0.01484375
12 0.725 0.30703125 0.00625 0.015625
12 0.846875 0.30390625 0.00625 0.015625
12 0.78125 0.30390625 0.00625 0.015625