12 0.265625 0.57890625 0.0390625 0.096875
12 0.4453125 0.384375 0.0171875 0.04140625
12 0.52578125 0.34453125 0.009375 0.02578125
12 0.5734375 0.3203125 0.00703125 0.0203125
12 0.4046875 0.3453125 0.00703125 0.0203125
12 0.29453125 0.3796875 0.00859375 0.02578125
12 0.184375 0.4203125 0.01015625 0.02578125
12 0.11015625 0.45 0.00859375 0.025
12 0.0296875 0.490625 0.00703125 0.021875
12 0.98671875 0.8546875 0.02578125 0.28984375
12 0.7265625 0.425 0.0234375 0.0578125
12 0.69609375 0.35 0.0109375 0.02734375
12 0.69140625 0.3265625 0.0078125 0.01796875
12 0.69375 0.31328125 0.00625 0.015625