12 0.3734375 0.5109375 0.053125 0.11796875
12 0.0890625 0.64765625 0.115625 0.1875
12 0.13046875 0.38828125 0.01796875 0.0375
12 0.22265625 0.40078125 0.01953125 0.04765625
12 0.28203125 0.38046875 0.0125 0.0359375
12 0.31484375 0.35625 0.00859375 0.021875
12 0.30390625 0.33984375 0.00625 0.01875
12 0.34765625 0.359375 0.00859375 0.0265625
12 0.35546875 0.37421875 0.0109375 0.0296875
12 0.37265625 0.365625 0.01171875 0.025
12 0.37734375 0.3359375 0.00703125 0.02109375
12 0.4796875 0.334375 0.0078125 0.01640625
12 0.4296875 0.334375 0.00546875 0.0171875
12 0.53203125 0.33203125 0.00546875 0.01953125
12 0.575 0.334375 0.00546875 0.01484375
12 0.61953125 0.334375 0.00703125 0.01484375
12 0.6796875 0.33671875 0.00703125 0.01796875
12 0.73671875 0.33671875 0.00546875 0.015625
12 0.8140625 0.3390625 0.00859375 0.02109375
12 0.840625 0.390625 0.0171875 0.08359375
12 0.85625 0.3890625 0.01484375 0.0703125
12 0.85 0.40390625 0.01015625 0.046875
12 0.91484375 0.34140625 0.00859375 0.0234375
12 0.97421875 0.34140625 0.00859375 0.021875
12 0.29375 0.3515625 0.00859375 0.02109375
12 0.58046875 0.453125 0.03671875 0.09375
12 0.6796875 0.43046875 0.02890625 0.0953125
12 0.5421875 0.3625 0.00859375 0.03046875
12 0.546875 0.3734375 0.0109375 0.0328125
12 0.51015625 0.3828125 0.01484375 0.03203125
12 0.5171875 0.33515625 0.009375 0.01640625
12 0.58515625 0.33828125 0.00625 0.0171875
12 0.50625 0.35859375 0.009375 0.0265625
12 0.46484375 0.3375 0.00703125 0.021875
12 0.471875 0.35234375 0.01015625 0.021875
12 0.4453125 0.34453125 0.00703125 0.01953125
12 0.4234375 0.3890625 0.015625 0.0390625
12 0.42734375 0.34140625 0.00625 0.02109375
12 0.41953125 0.3390625 0.00703125 0.01953125
12 0.69453125 0.3390625 0.00703125 0.0203125
12 0.7765625 0.34453125 0.00703125 0.01796875
12 0.79375 0.4140625 0.021875 0.05546875
12 0.89296875 0.39453125 0.015625 0.04296875
12 0.896875 0.346875 0.009375 0.02109375
12 0.84609375 0.34453125 0.0078125 0.01796875
12 0.915625 0.3796875 0.0125 0.03515625
12 0.94453125 0.3671875 0.0125 0.02890625
12 0.95859375 0.3515625 0.0109375 0.02890625
12 0.96953125 0.35859375 0.009375 0.0234375
12 0.62578125 0.33828125 0.00703125 0.01953125