12 0.1421875 0.69765625 0.05859375 0.13515625
12 0.34609375 0.45390625 0.02578125 0.0671875
12 0.53359375 0.37734375 0.015625 0.0453125
12 0.640625 0.353125 0.01328125 0.03671875
12 0.85078125 0.62578125 0.0484375 0.13984375
12 0.8015625 0.45625 0.02578125 0.07421875
12 0.91875 0.42890625 0.01640625 0.04765625
12 0.97890625 0.4265625 0.01171875 0.040625
12 0.9859375 0.390625 0.009375 0.02421875
12 0.9546875 0.36875 0.00546875 0.021875
12 0.91484375 0.34765625 0.0078125 0.02109375
12 0.89609375 0.3578125 0.00859375 0.02421875
12 0.85078125 0.3546875 0.01015625 0.03359375
12 0.75 0.34296875 0.0125 0.03515625
12 0.69921875 0.31484375 0.01015625 0.0265625
12 0.53671875 0.31953125 0.01015625 0.025
12 0.3984375 0.33828125 0.0078125 0.0265625
12 0.28984375 0.35703125 0.00859375 0.02109375
12 0.215625 0.37578125 0.00703125 0.01953125
12 0.7609375 0.31953125 0.00546875 0.025
12 0.63359375 0.3125 0.01015625 0.0375
12 0.64296875 0.31328125 0.009375 0.0328125
12 0.66328125 0.303125 0.00546875 0.02265625
12 0.77734375 0.31328125 0.00703125 0.01796875
12 0.7296875 0.30625 0.00625 0.01875
12 0.5640625 0.30703125 0.01015625 0.025
12 0.4703125 0.315625 0.01328125 0.02578125
12 0.3828125 0.3296875 0.0046875 0.01953125
12 0.30234375 0.34375 0.00703125 0.01796875
12 0.6046875 0.30390625 0.00859375 0.028125
12 0.61328125 0.303125 0.00859375 0.02734375
12 0.82734375 0.3296875 0.00703125 0.021875
12 0.86953125 0.340625 0.00703125 0.02109375
12 0.8234375 0.31796875 0.00546875 0.01796875
12 0.87109375 0.3296875 0.00546875 0.01484375