12 0.23046875 0.365625 0.009375 0.028125
12 0.3359375 0.3609375 0.00703125 0.0234375
12 0.1765625 0.38359375 0.01328125 0.03203125
12 0.31953125 0.375 0.01328125 0.03125
12 0.428125 0.371875 0.0109375 0.03359375
12 0.54375 0.36875 0.00859375 0.025
12 0.64140625 0.36484375 0.01015625 0.0296875
12 0.75390625 0.36953125 0.0109375 0.0296875
12 0.85390625 0.37421875 0.0125 0.03515625
12 0.9546875 0.384375 0.015625 0.03671875
12 0.9328125 0.4015625 0.02109375 0.04296875
12 0.82265625 0.41875 0.02421875 0.05390625
12 0.671875 0.4640625 0.0328125 0.08046875
12 0.35703125 0.6 0.0640625 0.15