12 0.209375 0.56796875 0.05390625 0.1109375
12 0.8203125 0.51953125 0.05078125 0.12734375
12 0.6390625 0.34765625 0.0265625 0.05625
12 0.5453125 0.275 0.0125 0.02265625
12 0.53359375 0.25859375 0.0078125 0.01796875
12 0.5421875 0.2515625 0.00703125 0.01796875
12 0.359375 0.36328125 0.02578125 0.04921875
12 0.4203125 0.2828125 0.0109375 0.02734375
12 0.43984375 0.26484375 0.00703125 0.01796875
12 0.44921875 0.25546875 0.00546875 0.01640625
12 0.40625 0.29453125 0.0140625 0.0453125
12 0.409375 0.29140625 0.01015625 0.04765625
12 0.57109375 0.28359375 0.0140625 0.05
12 0.56171875 0.27890625 0.0125 0.04609375