12 0.29609375 0.50234375 0.03984375 0.10234375
12 0.446875 0.403125 0.02265625 0.06171875
12 0.43125 0.3609375 0.01796875 0.0515625
12 0.359375 0.32578125 0.0140625 0.03515625
12 0.325 0.30625 0.009375 0.0265625
12 0.284375 0.284375 0.01015625 0.02109375
12 0.98828125 0.5609375 0.02265625 0.09453125
12 0.83515625 0.4015625 0.03125 0.053125
12 0.96875 0.2953125 0.0109375 0.0328125
12 0.66953125 0.34765625 0.0140625 0.03984375
12 0.5421875 0.3171875 0.01171875 0.028125
12 0.45546875 0.30546875 0.0078125 0.021875
12 0.3078125 0.28671875 0.00703125 0.03125
12 0.303125 0.28515625 0.00625 0.03125
12 0.27265625 0.2796875 0.00625 0.01796875
12 0.41171875 0.290625 0.01015625 0.03125
12 0.4046875 0.2875 0.00703125 0.03046875