12 0.80859375 0.41875 0.0296875 0.10859375
12 0.74609375 0.378125 0.021875 0.07421875
12 0.69375 0.35703125 0.021875 0.05
12 0.615625 0.35 0.02265625 0.05546875
12 0.52265625 0.346875 0.02265625 0.04375
12 0.4140625 0.34296875 0.01796875 0.04453125
12 0.36796875 0.41796875 0.02578125 0.07734375
12 0.2359375 0.49765625 0.0390625 0.1171875
12 0.36328125 0.38203125 0.01484375 0.0546875
12 0.2578125 0.37578125 0.02109375 0.0546875
12 0.16328125 0.37265625 0.01640625 0.05859375
12 0.88984375 0.3015625 0.01171875 0.04296875
12 0.32109375 0.353125 0.0125 0.03359375
12 0.14609375 0.3578125 0.0125 0.03359375
12 0.0171875 0.38125 0.01484375 0.04453125