12 0.23046875 0.53828125 0.03046875 0.0875
12 0.1375 0.5125 0.01875 0.05703125
12 0.13828125 0.45078125 0.01015625 0.03046875
12 0.76640625 0.4703125 0.0359375 0.071875
12 0.69921875 0.37578125 0.0203125 0.040625
12 0.69140625 0.34609375 0.0140625 0.02890625
12 0.7078125 0.32421875 0.009375 0.02578125
12 0.2453125 0.384375 0.0078125 0.01953125
12 0.31328125 0.34609375 0.00703125 0.01796875
12 0.27734375 0.4015625 0.0125 0.0328125
12 0.3625 0.35 0.009375 0.028125
12 0.44140625 0.371875 0.01640625 0.04296875
12 0.50546875 0.33828125 0.01015625 0.02734375
12 0.55390625 0.315625 0.00703125 0.01796875
12 0.5921875 0.3078125 0.00703125 0.015625