12 0.6484375 0.42578125 0.02734375 0.06875
12 0.6671875 0.37734375 0.0171875 0.04375
12 0.990625 0.47265625 0.01796875 0.05859375
12 0.90234375 0.39921875 0.021875 0.053125
12 0.8296875 0.34765625 0.01171875 0.03046875
12 0.84765625 0.36328125 0.01484375 0.03984375
12 0.79765625 0.32734375 0.00859375 0.02109375
12 0.85859375 0.3578125 0.01875 0.06484375
12 0.84140625 0.35078125 0.01640625 0.05625
12 0.6734375 0.34609375 0.015625 0.0609375
12 0.7734375 0.31484375 0.00546875 0.01796875
12 0.978125 0.34921875 0.00859375 0.02421875
12 0.9578125 0.33671875 0.00703125 0.01796875
12 0.96484375 0.33046875 0.00625 0.01640625
12 0.765625 0.30546875 0.00546875 0.01953125
12 0.68359375 0.32421875 0.00703125 0.0234375