12 0.77734375 0.515625 0.06015625 0.121875
12 0.6265625 0.43984375 0.03515625 0.08203125
12 0.54609375 0.40625 0.025 0.065625
12 0.4609375 0.38515625 0.01875 0.0484375
12 0.35703125 0.3765625 0.0171875 0.04375
12 0.26015625 0.38125 0.01640625 0.040625
12 0.171875 0.384375 0.0140625 0.0390625
12 0.0421875 0.39296875 0.01640625 0.04296875
12 0.13359375 0.4859375 0.0421875 0.0953125
12 0.1828125 0.4265625 0.0265625 0.0640625
12 0.1390625 0.40859375 0.02265625 0.0484375
12 0.0109375 0.4171875 0.02109375 0.05859375