12 0.20390625 0.5484375 0.0359375 0.1
12 0.51015625 0.415625 0.01953125 0.05625
12 0.66796875 0.37578125 0.0109375 0.0375
12 0.77421875 0.3578125 0.009375 0.02890625
12 0.83203125 0.3546875 0.00703125 0.02421875
12 0.96640625 0.6859375 0.06328125 0.18359375
12 0.86796875 0.48359375 0.02890625 0.0859375
12 0.896875 0.41796875 0.0171875 0.053125
12 0.93671875 0.39296875 0.0140625 0.0390625
12 0.96171875 0.3828125 0.0125 0.03515625
12 0.97890625 0.3796875 0.0109375 0.03125
12 0.87421875 0.35625 0.0078125 0.02109375