12 0.8828125 0.66171875 0.07109375 0.18984375
12 0.70390625 0.446875 0.028125 0.07421875
12 0.71640625 0.40234375 0.0140625 0.04375
12 0.7125 0.371875 0.009375 0.0328125
12 0.709375 0.35 0.00625 0.01953125
12 0.68828125 0.340625 0.00703125 0.01953125
12 0.02109375 0.753125 0.04140625 0.1484375
12 0.33984375 0.44765625 0.0265625 0.0703125
12 0.49296875 0.384375 0.0140625 0.0375
12 0.5421875 0.3671875 0.01328125 0.0296875
12 0.575 0.3515625 0.00859375 0.025
12 0.61875 0.3296875 0.0046875 0.0140625
12 0.659375 0.33203125 0.00546875 0.01640625
12 0.59375 0.3296875 0.00546875 0.0125
12 0.89921875 0.37890625 0.00859375 0.02421875
12 0.8546875 0.36015625 0.009375 0.02109375
12 0.82109375 0.3515625 0.0078125 0.02578125
12 0.8078125 0.33984375 0.0046875 0.015625