12 0.34375 0.340625 0.00859375 0.0234375
12 0.4859375 0.34140625 0.009375 0.025
12 0.5484375 0.340625 0.01171875 0.028125
12 0.59140625 0.346875 0.01015625 0.03125
12 0.61015625 0.3546875 0.0109375 0.0296875
12 0.61953125 0.36796875 0.0140625 0.03671875
12 0.65 0.3984375 0.01953125 0.04609375
12 0.6984375 0.4671875 0.03203125 0.07265625
12 0.4109375 0.33984375 0.0078125 0.021875
12 0.0296875 0.3578125 0.01015625 0.025
12 0.15546875 0.35546875 0.009375 0.0265625
12 0.253125 0.35390625 0.009375 0.0265625
12 0.31796875 0.35390625 0.009375 0.0234375
12 0.38984375 0.35546875 0.01015625 0.0296875
12 0.403125 0.36953125 0.0140625 0.03203125
12 0.36796875 0.3890625 0.015625 0.04140625
12 0.31796875 0.4234375 0.02421875 0.05546875
12 0.26328125 0.478125 0.0328125 0.07109375
12 0.1125 0.56640625 0.05078125 0.1109375
12 0.75859375 0.5 0.04453125 0.16640625
12 0.77890625 0.52421875 0.053125 0.19296875
12 0.1296875 0.5234375 0.0515625 0.16640625
12 0.07578125 0.53984375 0.05625 0.20390625