12 0.24765625 0.353125 0.04765625 0.13359375
12 0.02578125 0.24296875 0.02421875 0.05859375
12 0.01640625 0.72578125 0.0328125 0.11875
12 0.334375 0.22265625 0.0375 0.07265625
12 0.37578125 0.17734375 0.02265625 0.05390625
12 0.4375 0.13515625 0.01484375 0.03671875
12 0.43515625 0.16015625 0.0203125 0.04296875
12 0.33046875 0.14296875 0.01484375 0.03046875
12 0.22265625 0.15859375 0.01171875 0.02890625
12 0.13046875 0.18828125 0.0140625 0.03203125
12 0.06796875 0.18671875 0.01484375 0.02890625
12 0.18125 0.15625 0.015625 0.034375
12 0.49296875 0.121875 0.01484375 0.03203125
12 0.5921875 0.12890625 0.01328125 0.0359375
12 0.64375 0.15 0.025 0.05
12 0.671875 0.17421875 0.028125 0.06015625
12 0.75078125 0.23515625 0.03515625 0.0875
12 0.87265625 0.3859375 0.0578125 0.1546875