12 0.33125 0.665625 0.0671875 0.175
12 0.36640625 0.41796875 0.02578125 0.06171875
12 0.38359375 0.37421875 0.01171875 0.02578125
12 0.38515625 0.346875 0.0078125 0.01875
12 0.3625 0.5046875 0.0328125 0.10390625
12 0.34921875 0.5046875 0.05234375 0.18359375
12 0.35390625 0.4609375 0.0453125 0.15
12 0.8078125 0.453125 0.046875 0.1453125
12 0.72109375 0.41640625 0.03984375 0.1234375
12 0.75859375 0.459375 0.0328125 0.08515625
12 0.6453125 0.39453125 0.02421875 0.05625
12 0.55234375 0.35390625 0.01328125 0.0328125
12 0.50703125 0.33671875 0.0078125 0.0265625
12 0.90546875 0.38671875 0.0140625 0.03515625
12 0.78828125 0.3546875 0.0109375 0.0265625
12 0.73359375 0.33671875 0.00703125 0.0203125
12 0.89921875 0.3609375 0.00859375 0.02421875
12 0.84609375 0.346875 0.0078125 0.021875
12 0.81953125 0.33515625 0.00546875 0.01796875
12 0.4890625 0.3234375 0.00703125 0.021875
12 0.49765625 0.31796875 0.00703125 0.01875
12 0.7234375 0.32734375 0.00546875 0.01875
12 0.396875 0.33046875 0.0078125 0.01640625
12 0.41640625 0.321875 0.00625 0.01328125