12 0.03671875 0.9171875 0.0703125 0.165625
12 0.91875 0.58203125 0.04140625 0.115625
12 0.665625 0.46015625 0.0390625 0.07578125
12 0.50078125 0.4046875 0.01953125 0.05
12 0.3625 0.3984375 0.01875 0.03359375
12 0.23515625 0.42421875 0.015625 0.03359375
12 0.1640625 0.44296875 0.01171875 0.0296875
12 0.159375 0.43046875 0.00859375 0.0296875
12 0.225 0.396875 0.0078125 0.025
12 0.275 0.371875 0.00859375 0.02265625
12 0.12109375 0.59765625 0.03046875 0.084375
12 0.08203125 0.5375 0.01484375 0.053125
12 0.03046875 0.5296875 0.01015625 0.0375
12 0.01796875 0.51484375 0.00859375 0.03203125
12 0.05625 0.47890625 0.00703125 0.0265625
12 0.08046875 0.44375 0.0046875 0.0265625
12 0.0859375 0.43984375 0.0046875 0.02734375
12 0.06328125 0.44921875 0.00546875 0.02734375
12 0.05703125 0.44921875 0.00703125 0.02578125
12 0.09375 0.45 0.00625 0.02265625