12 0.259375 0.56796875 0.0421875 0.096875
12 0.07109375 0.525 0.01875 0.05234375
12 0.2375 0.42578125 0.01796875 0.05
12 0.353125 0.3875 0.015625 0.04296875
12 0.42890625 0.403125 0.021875 0.05078125
12 0.93828125 0.628125 0.05 0.1109375
12 0.71328125 0.41484375 0.0265625 0.06171875
12 0.61171875 0.3625 0.01640625 0.0375
12 0.528125 0.33671875 0.01171875 0.0296875
12 0.41015625 0.34140625 0.01171875 0.028125
12 0.3296875 0.353125 0.00859375 0.025
12 0.253125 0.3765625 0.00859375 0.025
12 0.1984375 0.403125 0.00859375 0.0265625
12 0.1421875 0.434375 0.01015625 0.02890625
12 0.059375 0.4875 0.0109375 0.0359375