12 0.00859375 0.37734375 0.0171875 0.05390625
12 0.4515625 0.40546875 0.0234375 0.07421875
12 0.2625 0.33515625 0.01875 0.0453125
12 0.459375 0.315625 0.0125 0.0390625
12 0.5640625 0.296875 0.01015625 0.03515625
12 0.68125 0.36171875 0.01796875 0.0515625
12 0.86953125 0.34765625 0.0171875 0.040625
12 0.978125 0.3453125 0.01484375 0.0375
12 0.99453125 0.334375 0.0109375 0.03046875
12 0.95078125 0.31171875 0.01171875 0.03125
12 0.9265625 0.2984375 0.009375 0.028125
12 0.16328125 0.3078125 0.0140625 0.03125
12 0.94296875 0.540625 0.0671875 0.13671875
12 0.34140625 0.2953125 0.0109375 0.03046875
12 0.44140625 0.2875 0.009375 0.028125
12 0.51328125 0.27734375 0.00625 0.021875
12 0.61171875 0.28125 0.0078125 0.02109375
12 0.6390625 0.275 0.00546875 0.01953125
12 0.9109375 0.2859375 0.009375 0.02734375
12 0.89375 0.28046875 0.00546875 0.01640625
12 0.8828125 0.2796875 0.00546875 0.01484375