12 0.1921875 0.5921875 0.0640625 0.1421875
12 0.32109375 0.4609375 0.02265625 0.0640625
12 0.371875 0.4078125 0.01875 0.0484375
12 0.41875 0.36796875 0.01328125 0.028125
12 0.43671875 0.34921875 0.00703125 0.0234375
12 0.30078125 0.453125 0.0375 0.11796875
12 0.33125 0.42734375 0.02734375 0.09921875
12 0.67578125 0.43515625 0.04453125 0.125
12 0.63671875 0.4109375 0.0296875 0.09921875
12 0.81796875 0.5875 0.05 0.1453125
12 0.61796875 0.39140625 0.02109375 0.05234375
12 0.6515625 0.4390625 0.0203125 0.0703125
12 0.5734375 0.353125 0.01171875 0.02890625
12 0.55 0.3390625 0.0078125 0.0234375
12 0.5421875 0.32734375 0.00703125 0.021875
12 0.81015625 0.3640625 0.01328125 0.03046875
12 0.77265625 0.34296875 0.0078125 0.02265625
12 0.78828125 0.33125 0.00625 0.02109375
12 0.91171875 0.39609375 0.01484375 0.0390625
12 0.9359375 0.375 0.01171875 0.025
12 0.890625 0.359375 0.01015625 0.01875
12 0.87265625 0.3484375 0.00703125 0.01875
12 0.45546875 0.33359375 0.00625 0.01640625