12 0.271875 0.384375 0.0171875 0.0375
12 0.3890625 0.3703125 0.01484375 0.034375
12 0.28359375 0.44765625 0.03046875 0.0640625
12 0.209375 0.40546875 0.01875 0.04765625
12 0.196875 0.42734375 0.02421875 0.05625
12 0.01015625 0.4078125 0.01953125 0.03984375
12 0.0265625 0.3734375 0.01171875 0.03125
12 0.253125 0.36640625 0.00859375 0.0265625
12 0.375 0.353125 0.01015625 0.0296875
12 0.40859375 0.3296875 0.0078125 0.01484375
12 0.45234375 0.32890625 0.00625 0.01640625
12 0.50234375 0.3453125 0.00703125 0.0234375
12 0.50703125 0.36328125 0.01328125 0.0296875
12 0.44921875 0.46640625 0.034375 0.07890625
12 0.6546875 0.3546875 0.01328125 0.034375
12 0.62109375 0.31640625 0.00703125 0.01953125
12 0.5671875 0.315625 0.0046875 0.01484375
12 0.678125 0.31171875 0.00703125 0.0171875
12 0.67734375 0.4953125 0.046875 0.1015625
12 0.625 0.33984375 0.009375 0.028125
12 0.571875 0.321875 0.00546875 0.01640625
12 0.62734375 0.3203125 0.0046875 0.01484375
12 0.69453125 0.31875 0.00546875 0.01484375
12 0.7390625 0.33671875 0.00859375 0.0234375
12 0.75703125 0.31875 0.00703125 0.01640625
12 0.84296875 0.32578125 0.00859375 0.02109375
12 0.83515625 0.328125 0.00859375 0.021875
12 0.81015625 0.32265625 0.00703125 0.0171875
12 0.77890625 0.34453125 0.0140625 0.03203125
12 0.74453125 0.3109375 0.0078125 0.01640625
12 0.81328125 0.30859375 0.00625 0.0140625
12 0.87421875 0.315625 0.0078125 0.021875
12 0.89765625 0.340625 0.01015625 0.0296875
12 0.934375 0.31640625 0.009375 0.0203125
12 0.98046875 0.3359375 0.01171875 0.02578125
12 0.9875 0.325 0.0078125 0.0234375
12 0.465625 0.31875 0.00546875 0.0140625
12 0.51328125 0.325 0.0046875 0.015625