12 0.07890625 0.47109375 0.0125 0.0453125
12 0.08359375 0.52265625 0.0234375 0.0671875
12 0.1015625 0.503125 0.02109375 0.071875
12 0.08984375 0.4640625 0.0140625 0.040625
12 0.17265625 0.43125 0.009375 0.0265625
12 0.21796875 0.4453125 0.01484375 0.04140625
12 0.33203125 0.390625 0.01171875 0.03359375
12 0.44296875 0.3546875 0.0109375 0.025
12 0.51640625 0.346875 0.01171875 0.03046875
12 0.5875 0.35625 0.0125 0.0359375
12 0.56640625 0.4125 0.021875 0.05625
12 0.3328125 0.58828125 0.04453125 0.11328125
12 0.97109375 0.63515625 0.03671875 0.11484375
12 0.85703125 0.440625 0.0203125 0.059375
12 0.790625 0.3765625 0.0125 0.03828125
12 0.70859375 0.34140625 0.009375 0.0265625
12 0.63359375 0.32578125 0.00859375 0.025
12 0.559375 0.325 0.00703125 0.01875
12 0.27890625 0.384375 0.00859375 0.02265625
12 0.021875 0.5203125 0.01171875 0.03203125