12 0.24765625 0.5359375 0.04375 0.096875
12 0.325 0.4328125 0.0375 0.1046875
12 0.35234375 0.415625 0.0203125 0.0890625
12 0.3421875 0.43828125 0.01796875 0.0625
12 0.38203125 0.39765625 0.015625 0.03984375
12 0.42265625 0.3640625 0.01171875 0.028125
12 0.43984375 0.3453125 0.00859375 0.021875
12 0.75234375 0.521875 0.046875 0.1125
12 0.6328125 0.421875 0.02109375 0.0578125
12 0.6046875 0.3828125 0.01484375 0.03828125
12 0.57109375 0.35234375 0.0125 0.02890625
12 0.546875 0.3359375 0.00625 0.02109375
12 0.553125 0.32265625 0.00546875 0.01796875
12 0.540625 0.32578125 0.00625 0.02421875
12 0.79296875 0.353125 0.01171875 0.03359375
12 0.76171875 0.3390625 0.00625 0.0203125
12 0.78046875 0.32421875 0.00546875 0.01484375
12 0.65078125 0.415625 0.034375 0.103125
12 0.61953125 0.39453125 0.02109375 0.096875
12 0.8875 0.38125 0.01328125 0.040625
12 0.9171875 0.36484375 0.0109375 0.0265625
12 0.875 0.35 0.00859375 0.021875
12 0.85859375 0.3421875 0.00703125 0.01796875
12 0.57734375 0.31640625 0.00703125 0.02109375
12 0.4578125 0.3328125 0.00546875 0.01796875
12 0.4796875 0.32265625 0.0046875 0.01484375