12 0.10703125 0.6390625 0.09765625 0.253125
12 0.20859375 0.5390625 0.06953125 0.18359375
12 0.8625 0.6046875 0.09453125 0.2765625
12 0.73828125 0.50078125 0.06015625 0.19921875
12 0.16953125 0.61953125 0.04609375 0.146875
12 0.31171875 0.46484375 0.03203125 0.07890625
12 0.39375 0.3875 0.0171875 0.05
12 0.42265625 0.36015625 0.009375 0.03203125
12 0.78984375 0.5671875 0.0546875 0.165625
12 0.66953125 0.4359375 0.034375 0.075
12 0.58984375 0.36875 0.0125 0.040625
12 0.55390625 0.34765625 0.0078125 0.02890625
12 0.5453125 0.334375 0.0078125 0.0234375
12 0.5578125 0.32734375 0.00625 0.02421875
12 0.87578125 0.37578125 0.0140625 0.03515625
12 0.8140625 0.3484375 0.0078125 0.025
12 0.8078125 0.33671875 0.00546875 0.0234375
12 0.9453125 0.3671875 0.0125 0.0265625
12 0.915625 0.353125 0.00859375 0.021875
12 0.44765625 0.34140625 0.00546875 0.0171875