12 0.98203125 0.67578125 0.0359375 0.1109375
12 0.73828125 0.546875 0.04453125 0.103125
12 0.53046875 0.47109375 0.0328125 0.06953125
12 0.39296875 0.4203125 0.0203125 0.05234375
12 0.29609375 0.40859375 0.01484375 0.04296875
12 0.015625 0.72734375 0.03125 0.10546875
12 0.103125 0.5171875 0.01796875 0.05390625
12 0.07890625 0.47734375 0.00859375 0.0375
12 0.059375 0.4640625 0.00859375 0.02421875
12 0.07109375 0.4421875 0.00546875 0.01796875
12 0.21328125 0.40625 0.01171875 0.02265625
12 0.17578125 0.40390625 0.00625 0.015625
12 0.1640625 0.403125 0.00625 0.01875