12 0.01953125 0.48984375 0.0390625 0.07421875
12 0.08671875 0.44765625 0.0234375 0.053125
12 0.128125 0.42421875 0.015625 0.0421875
12 0.11640625 0.40390625 0.01015625 0.0375
12 0.0953125 0.39609375 0.01015625 0.02890625
12 0.040625 0.3984375 0.0140625 0.02734375
12 0.01875 0.390625 0.01484375 0.03046875
12 0.0828125 0.3828125 0.00703125 0.025
12 0.15546875 0.3796875 0.0140625 0.02734375
12 0.23046875 0.3734375 0.0140625 0.0328125
12 0.2796875 0.3765625 0.0125 0.03125
12 0.31640625 0.38125 0.015625 0.03125
12 0.359375 0.38984375 0.01875 0.04140625
12 0.39765625 0.40625 0.01953125 0.0453125
12 0.42890625 0.42734375 0.028125 0.05625
12 0.49140625 0.45546875 0.0359375 0.07265625
12 0.590625 0.50859375 0.0359375 0.10234375
12 0.87421875 0.65625 0.0828125 0.18046875