12 0.3171875 0.503125 0.03828125 0.10078125
12 0.58359375 0.3890625 0.01875 0.05546875
12 0.13125 0.3359375 0.0171875 0.04453125
12 0.23203125 0.2984375 0.01171875 0.03046875
12 0.275 0.284375 0.0078125 0.02421875
12 0.07265625 0.29921875 0.00859375 0.02421875
12 0.8828125 0.35078125 0.01640625 0.03203125
12 0.765625 0.31953125 0.01015625 0.02578125
12 0.68359375 0.303125 0.009375 0.0234375
12 0.67109375 0.36171875 0.0125 0.0421875
12 0.66171875 0.33671875 0.0109375 0.034375
12 0.6046875 0.31171875 0.00859375 0.02734375
12 0.571875 0.296875 0.00625 0.021875
12 0.5546875 0.28359375 0.00859375 0.02578125
12 0.309375 0.27265625 0.00546875 0.01796875
12 0.328125 0.271875 0.0046875 0.015625