12 0.221875 0.5484375 0.059375 0.128125
12 0.46640625 0.40625 0.02578125 0.059375
12 0.60546875 0.3625 0.015625 0.0390625
12 0.70390625 0.34921875 0.0109375 0.034375
12 0.75078125 0.34140625 0.0078125 0.0265625
12 0.7796875 0.33828125 0.00859375 0.0234375
12 0.8046875 0.334375 0.00546875 0.02421875
12 0.865625 0.57421875 0.05859375 0.1421875
12 0.7953125 0.43828125 0.03125 0.0734375
12 0.81484375 0.38671875 0.02109375 0.0546875
12 0.85859375 0.365625 0.01171875 0.034375
12 0.87578125 0.35703125 0.01171875 0.03046875
12 0.8875 0.35078125 0.01015625 0.02421875