12 0.09921875 0.77890625 0.05546875 0.17578125
12 0.22265625 0.5078125 0.02578125 0.07265625
12 0.22578125 0.43125 0.015625 0.05
12 0.2484375 0.39375 0.01328125 0.040625
12 0.98359375 0.63984375 0.0328125 0.1140625
12 0.73828125 0.43984375 0.028125 0.06953125
12 0.53515625 0.3828125 0.0203125 0.05
12 0.440625 0.365625 0.0140625 0.0390625
12 0.4484375 0.34453125 0.0125 0.0328125
12 0.54609375 0.32265625 0.009375 0.0265625
12 0.61484375 0.3109375 0.01015625 0.025
12 0.65625 0.30390625 0.00703125 0.015625
12 0.659375 0.29375 0.00703125 0.0171875
12 0.4515625 0.31484375 0.0078125 0.01953125
12 0.3796875 0.33671875 0.00703125 0.01953125
12 0.321875 0.35703125 0.00703125 0.02109375
12 0.221875 0.3671875 0.0046875 0.01640625
12 0.19609375 0.3703125 0.00546875 0.01484375
12 0.26171875 0.346875 0.00625 0.01796875
12 0.3296875 0.32734375 0.00546875 0.01640625
12 0.3140625 0.334375 0.00703125 0.0171875
12 0.359375 0.3171875 0.00625 0.0203125
12 0.36484375 0.31640625 0.00625 0.02265625
12 0.37890625 0.31875 0.00703125 0.02421875
12 0.3859375 0.3171875 0.00703125 0.02265625
12 0.403125 0.30859375 0.00546875 0.015625
12 0.4265625 0.30859375 0.00546875 0.015625
12 0.4734375 0.3 0.00546875 0.01640625
12 0.45546875 0.29765625 0.00625 0.0140625