12 0.97578125 0.68046875 0.04765625 0.1140625
12 0.6109375 0.5359375 0.0375 0.11796875
12 0.49375 0.46640625 0.034375 0.08984375
12 0.43203125 0.43125 0.0234375 0.059375
12 0.4015625 0.40703125 0.01875 0.05078125
12 0.3609375 0.3921875 0.0203125 0.0453125
12 0.3171875 0.3796875 0.0171875 0.0375
12 0.2828125 0.37578125 0.01484375 0.0328125
12 0.2296875 0.37421875 0.01328125 0.028125
12 0.15625 0.378125 0.0140625 0.03203125
12 0.015625 0.3890625 0.01171875 0.0296875
12 0.0375 0.39765625 0.0125 0.028125
12 0.09140625 0.39375 0.0125 0.03203125
12 0.1125 0.40546875 0.0125 0.0375
12 0.12109375 0.425 0.01953125 0.0484375
12 0.0703125 0.45078125 0.02578125 0.06171875
12 0.084375 0.38203125 0.00859375 0.025
12 0.003125 0.52109375 0.00625 0.0390625