12 0.140625 0.37890625 0.0171875 0.04140625
12 0.24375 0.38046875 0.0171875 0.04765625
12 0.35234375 0.3921875 0.02109375 0.04921875
12 0.35546875 0.428125 0.03046875 0.06484375
12 0.2015625 0.52734375 0.0578125 0.1234375
12 0.309375 0.35625 0.01171875 0.03125
12 0.4078125 0.35546875 0.01171875 0.03125
12 0.521875 0.35390625 0.0140625 0.03203125
12 0.61796875 0.3609375 0.01484375 0.03671875
12 0.7 0.371875 0.01796875 0.04609375
12 0.7578125 0.39140625 0.02421875 0.05546875
12 0.83203125 0.43671875 0.03671875 0.08046875