12 0.0421875 0.66875 0.084375 0.303125
12 0.3 0.42578125 0.0265625 0.07109375
12 0.36484375 0.3625 0.01875 0.05078125
12 0.38359375 0.3265625 0.01171875 0.03671875
12 0.3421875 0.30859375 0.01484375 0.034375
12 0.75234375 0.440625 0.0265625 0.07109375
12 0.6484375 0.3546875 0.01484375 0.040625
12 0.60859375 0.321875 0.0140625 0.0328125
12 0.52109375 0.30234375 0.01015625 0.0265625
12 0.0078125 0.2921875 0.00859375 0.02421875
12 0.1734375 0.28828125 0.0078125 0.01796875
12 0.3046875 0.28828125 0.0078125 0.01875
12 0.41328125 0.29609375 0.0078125 0.021875
12 0.234375 0.3046875 0.0125 0.025
12 0.10859375 0.3015625 0.01015625 0.028125