12 0.1890625 0.58515625 0.03984375 0.0984375
12 0.015625 0.55390625 0.01328125 0.04609375
12 0.13671875 0.44296875 0.01171875 0.0359375
12 0.3890625 0.4015625 0.02109375 0.0546875
12 0.47734375 0.34453125 0.01328125 0.03359375
12 0.55078125 0.32265625 0.01484375 0.02890625
12 0.58984375 0.3078125 0.01015625 0.02421875
12 0.0515625 0.471875 0.01171875 0.02890625
12 0.115625 0.42109375 0.009375 0.0234375
12 0.79453125 0.50625 0.03046875 0.08359375
12 0.72265625 0.3765625 0.01640625 0.0421875
12 0.7078125 0.3359375 0.01015625 0.02421875
12 0.69765625 0.31640625 0.00859375 0.0203125
12 0.66015625 0.30078125 0.00625 0.015625
12 0.5609375 0.2953125 0.00625 0.021875
12 0.18984375 0.39140625 0.009375 0.0296875
12 0.13515625 0.40078125 0.00625 0.01875