12 0.975 0.74765625 0.05 0.15390625
12 0.77421875 0.421875 0.025 0.059375
12 0.68671875 0.3578125 0.01484375 0.0359375
12 0.63125 0.33046875 0.01328125 0.0265625
12 0.5734375 0.31796875 0.009375 0.0234375
12 0.4796875 0.31875 0.00859375 0.0234375
12 0.4109375 0.3234375 0.00703125 0.0234375
12 0.35 0.33671875 0.0078125 0.021875
12 0.3078125 0.35390625 0.0078125 0.02421875
12 0.2625 0.37578125 0.00859375 0.0234375
12 0.19609375 0.4046875 0.0109375 0.0296875
12 0.1015625 0.46484375 0.009375 0.0296875
12 0.096875 0.52734375 0.01796875 0.0578125
12 0.253125 0.56953125 0.03828125 0.0984375
12 0.4421875 0.39921875 0.01796875 0.0515625
12 0.51171875 0.3484375 0.01328125 0.03203125
12 0.45 0.340625 0.01484375 0.0296875
12 0.3671875 0.35859375 0.01328125 0.03359375
12 0.25390625 0.40390625 0.01640625 0.03984375