12 0.06953125 0.85703125 0.08671875 0.2421875
12 0.26015625 0.4078125 0.02890625 0.065625
12 0.2015625 0.371875 0.01640625 0.04609375
12 0.1125 0.37890625 0.01328125 0.03515625
12 0.92578125 0.3109375 0.00859375 0.03046875
12 0.81796875 0.284375 0.00703125 0.02421875
12 0.78359375 0.45 0.04921875 0.1109375
12 0.82734375 0.290625 0.00859375 0.02890625
12 0.69453125 0.26953125 0.00703125 0.028125
12 0.52734375 0.31015625 0.01796875 0.0453125
12 0.57421875 0.26015625 0.009375 0.0203125
12 0.47421875 0.2625 0.00703125 0.021875
12 0.3828125 0.29765625 0.01171875 0.034375
12 0.2640625 0.31640625 0.01328125 0.0265625
12 0.16484375 0.3390625 0.01171875 0.028125
12 0.36015625 0.2734375 0.0078125 0.01953125
12 0.06640625 0.37578125 0.01484375 0.02890625