12 0.11953125 0.759375 0.09609375 0.2078125
12 0.278125 0.48125 0.03046875 0.07421875
12 0.26640625 0.42421875 0.01875 0.04765625
12 0.23671875 0.41015625 0.01484375 0.03671875
12 0.19765625 0.4046875 0.0109375 0.03203125
12 0.1546875 0.4046875 0.01015625 0.02890625
12 0.60546875 0.434375 0.0296875 0.065625
12 0.47265625 0.3984375 0.0171875 0.04140625
12 0.38671875 0.38203125 0.01171875 0.03125
12 0.30859375 0.38203125 0.01015625 0.03046875
12 0.2390625 0.384375 0.01015625 0.025
12 0.17265625 0.3875 0.00625 0.021875
12 0.11171875 0.4 0.00703125 0.01953125
12 0.096875 0.415625 0.009375 0.0203125
12 0.03671875 0.4234375 0.00859375 0.02421875
12 0.84140625 0.365625 0.0078125 0.025
12 0.70390625 0.3625 0.00859375 0.02265625
12 0.646875 0.359375 0.0078125 0.021875
12 0.8453125 0.384375 0.009375 0.02890625
12 0.76484375 0.36875 0.01015625 0.02421875
12 0.52890625 0.35546875 0.009375 0.025