12 0.19609375 0.59375 0.05859375 0.14609375
12 0.3703125 0.42734375 0.02578125 0.06015625
12 0.421875 0.38046875 0.0140625 0.04765625
12 0.4484375 0.35703125 0.01015625 0.03515625
12 0.1171875 0.41328125 0.01171875 0.0328125
12 0.01796875 0.446875 0.01953125 0.0390625
12 0.18046875 0.390625 0.01171875 0.028125
12 0.19609375 0.37578125 0.00703125 0.0203125
12 0.18203125 0.371875 0.0078125 0.01875
12 0.03125 0.4171875 0.0109375 0.02890625
12 0.0609375 0.41015625 0.01171875 0.02578125
12 0.078125 0.4 0.0078125 0.021875
12 0.08671875 0.39140625 0.00546875 0.01875
12 0.6796875 0.41796875 0.0234375 0.06015625
12 0.6265625 0.378125 0.0171875 0.03984375
12 0.5953125 0.35546875 0.0109375 0.0265625
12 0.57421875 0.34296875 0.00859375 0.02109375
12 0.7421875 0.35078125 0.009375 0.02578125
12 0.709375 0.3390625 0.0078125 0.0203125
12 0.69609375 0.33125 0.00625 0.01875
12 0.55859375 0.33359375 0.00546875 0.0171875
12 0.671875 0.325 0.00625 0.0171875
12 0.82109375 0.37421875 0.015625 0.03515625
12 0.87265625 0.57265625 0.06484375 0.1484375
12 0.94296875 0.3765625 0.01015625 0.034375
12 0.85625 0.353125 0.01015625 0.025
12 0.809375 0.34296875 0.00703125 0.01875
12 0.78125 0.33515625 0.00625 0.01796875
12 0.46171875 0.3453125 0.00546875 0.01796875
12 0.53671875 0.33046875 0.00546875 0.0140625
12 0.640625 0.32265625 0.00546875 0.0140625