12 0.10703125 0.3921875 0.01015625 0.01640625
12 0.221875 0.38515625 0.01484375 0.03359375
12 0.2015625 0.36875 0.01015625 0.02421875
12 0.30625 0.3671875 0.009375 0.02578125
12 0.3625 0.37890625 0.0125 0.03125
12 0.40625 0.3640625 0.009375 0.02421875
12 0.5 0.3625 0.01328125 0.02578125
12 0.5875 0.3609375 0.00859375 0.02421875
12 0.5796875 0.3703125 0.01015625 0.03046875
12 0.48359375 0.37265625 0.0125 0.034375
12 0.69140625 0.36796875 0.01015625 0.028125
12 0.69140625 0.3484375 0.0046875 0.0078125
12 0.79609375 0.359375 0.00625 0.02578125
12 0.78984375 0.365625 0.00859375 0.03046875
12 0.90859375 0.371875 0.01484375 0.03125
12 0.95703125 0.41640625 0.028125 0.06640625
12 0.88828125 0.3609375 0.0109375 0.02890625
12 0.796875 0.4546875 0.0390625 0.08515625
12 0.07890625 0.37578125 0.01015625 0.015625
12 0.51796875 0.5140625 0.0375 0.07734375