12 0.31953125 0.34375 0.03125 0.059375
12 0.2 0.2109375 0.00859375 0.01875
12 0.41015625 0.25234375 0.01328125 0.03515625
12 0.878125 0.74453125 0.1046875 0.21171875
12 0.6515625 0.32109375 0.02890625 0.0640625
12 0.6109375 0.2421875 0.01484375 0.03671875
12 0.44609375 0.20859375 0.0109375 0.0390625
12 0.4515625 0.20546875 0.0078125 0.03828125
12 0.5921875 0.203125 0.01171875 0.0421875
12 0.471875 0.196875 0.00703125 0.01875
12 0.4859375 0.1859375 0.00625 0.015625
12 0.496875 0.17734375 0.0046875 0.01328125
12 0.50390625 0.17109375 0.00390625 0.0109375
12 0.58359375 0.19140625 0.00625 0.01953125
12 0.57734375 0.18125 0.00546875 0.01796875
12 0.57265625 0.17421875 0.0046875 0.0140625
12 0.52421875 0.16875 0.00546875 0.01171875
12 0.546875 0.16796875 0.0046875 0.0125
12 0.56875 0.1671875 0.00390625 0.01328125
12 0.58203125 0.1671875 0.00546875 0.01328125
12 0.36484375 0.18828125 0.00703125 0.015625