12 0.17734375 0.5453125 0.0859375 0.1578125
12 0.346875 0.6890625 0.10546875 0.20625
12 0.49375 0.25546875 0.04140625 0.0765625
12 0.19375 0.3625 0.06328125 0.175
12 0.42421875 0.42265625 0.0828125 0.21015625
12 0.43984375 0.28671875 0.03515625 0.14375
12 0.2296875 0.30546875 0.0484375 0.08515625
12 0.3375 0.27734375 0.03359375 0.07734375
12 0.46640625 0.3671875 0.05234375 0.1046875
12 0.57109375 0.3078125 0.04609375 0.090625
12 0.62734375 0.42421875 0.06796875 0.12734375
12 0.30859375 0.3234375 0.0484375 0.090625