12 0.45546875 0.4984375 0.03046875 0.046875
12 0.63359375 0.45 0.01953125 0.0328125
12 0.2171875 0.45546875 0.02890625 0.059375
12 0.28203125 0.490625 0.034375 0.0453125
12 0.3625 0.4328125 0.02421875 0.0484375
12 0.3765625 0.4734375 0.028125 0.040625
12 0.42890625 0.4546875 0.02265625 0.034375
12 0.5828125 0.465625 0.0265625 0.03828125
12 0.4515625 0.4328125 0.01796875 0.028125
12 0.5296875 0.4421875 0.01796875 0.03125
12 0.60390625 0.50234375 0.02734375 0.05
12 0.6609375 0.46640625 0.03046875 0.06484375