12 0.22421875 0.5515625 0.11171875 0.2609375
12 0.36640625 0.38046875 0.0546875 0.13203125
12 0.59140625 0.40859375 0.0625 0.15
12 0.29609375 0.45078125 0.0609375 0.103125
12 0.5796875 0.55234375 0.07890625 0.146875
12 0.71015625 0.53359375 0.06796875 0.1390625
12 0.7171875 0.47734375 0.0625 0.115625
12 0.38359375 0.49765625 0.0640625 0.11953125
12 0.659375 0.41875 0.0484375 0.08828125
12 0.8109375 0.45546875 0.05390625 0.10546875
12 0.44453125 0.4234375 0.046875 0.0875
12 0.5421875 0.4046875 0.03828125 0.078125