5 0.565625 0.28359375 0.0515625 0.08828125
9 0.19296875 0.39296875 0.0515625 0.0890625
9 0.61875 0.46796875 0.0515625 0.09296875
9 0.434375 0.5546875 0.0546875 0.08828125
9 0.10546875 0.309375 0.04296875 0.0875
5 0.415625 0.21953125 0.03359375 0.0640625
5 0.80078125 0.2578125 0.0734375 0.16171875
9 0.2703125 0.38046875 0.0390625 0.0734375
9 0.33671875 0.2671875 0.03515625 0.065625
9 0.28828125 0.23828125 0.03671875 0.04921875
9 0.63828125 0.2640625 0.02890625 0.04921875
9 0.984375 0.4078125 0.03125 0.078125
9 0.83125 0.20859375 0.0265625 0.0625
9 0.81171875 0.43203125 0.05625 0.09375