12 0.66171875 0.53984375 0.02421875 0.04453125
12 0.6234375 0.4984375 0.01484375 0.02890625
12 0.603125 0.4796875 0.0109375 0.01953125
12 0.61015625 0.4671875 0.00703125 0.01484375
12 0.6265625 0.46015625 0.00546875 0.0140625
12 0.6703125 0.45703125 0.00625 0.0109375
12 0.3484375 0.5515625 0.021875 0.04453125
12 0.4125 0.5046875 0.01484375 0.02578125
12 0.4609375 0.4828125 0.009375 0.0171875
12 0.50703125 0.46953125 0.0078125 0.0140625
12 0.5421875 0.46171875 0.00625 0.01171875
12 0.590625 0.45546875 0.00546875 0.0109375
12 0.21796875 0.62890625 0.0703125 0.1390625
12 0.77578125 0.60390625 0.0703125 0.1375
12 0.65390625 0.4515625 0.00625 0.0109375
12 0.74375 0.45234375 0.00703125 0.01171875
12 0.8078125 0.4484375 0.00625 0.01328125
12 0.88828125 0.446875 0.0078125 0.01484375
12 0.8671875 0.4421875 0.00703125 0.0125
12 0.78125 0.446875 0.0046875 0.009375
12 0.71875 0.4484375 0.0046875 0.0109375