12 0.27421875 0.1265625 0.01015625 0.0234375
12 0.36796875 0.1328125 0.00625 0.02265625
12 0.28515625 0.1546875 0.0125 0.02265625
12 0.3578125 0.14921875 0.00859375 0.01796875
12 0.44921875 0.14140625 0.00625 0.0140625
12 0.5140625 0.14765625 0.00703125 0.015625
12 0.5921875 0.1546875 0.009375 0.0171875
12 0.67265625 0.16328125 0.009375 0.01953125
12 0.78125 0.1765625 0.01328125 0.02265625
12 0.79609375 0.19140625 0.01796875 0.028125
12 0.77265625 0.2125 0.021875 0.0359375
12 0.73359375 0.26015625 0.028125 0.05546875
12 0.6359375 0.375 0.04609375 0.10234375
12 0.17890625 0.1578125 0.01484375 0.02734375
12 0.40859375 0.13671875 0.00546875 0.0125
12 0.0796875 0.13984375 0.0140625 0.02421875
12 0.1921875 0.13984375 0.01015625 0.02109375
12 0.25234375 0.13515625 0.0078125 0.01796875
12 0.2859375 0.12890625 0.00625 0.01484375
12 0.3046875 0.125 0.00546875 0.01171875
12 0.3171875 0.12265625 0.0046875 0.01015625
12 0.325 0.1203125 0.00390625 0.00859375
12 0.3640625 0.14140625 0.00859375 0.01484375
12 0.92890625 0.18125 0.0109375 0.025
12 0.82421875 0.16796875 0.0109375 0.01875
12 0.74140625 0.16171875 0.00859375 0.01640625
12 0.64140625 0.1515625 0.00703125 0.015625
12 0.58203125 0.14765625 0.00703125 0.01328125
12 0.52109375 0.1421875 0.0046875 0.01171875
12 0.48984375 0.13828125 0.0046875 0.0109375
12 0.48125 0.13515625 0.0046875 0.0109375
12 0.4734375 0.13359375 0.00390625 0.00859375
12 0.465625 0.128125 0.00234375 0.0078125
12 0.415625 0.1296875 0.0046875 0.01171875
12 0.42109375 0.128125 0.00390625 0.01015625
12 0.42421875 0.12734375 0.003125 0.009375
12 0.43046875 0.12734375 0.003125 0.009375
12 0.4328125 0.12578125 0.003125 0.00859375
12 0.4359375 0.12421875 0.003125 0.0078125
12 0.4546875 0.125 0.00234375 0.0078125
12 0.46953125 0.12734375 0.0015625 0.00703125
12 0.3703125 0.13046875 0.00390625 0.01171875
12 0.37265625 0.12578125 0.003125 0.01015625
12 0.37578125 0.12265625 0.003125 0.009375
12 0.4078125 0.1328125 0.003125 0.0125