12 0.32265625 0.5953125 0.0390625 0.0671875
12 0.428125 0.503125 0.015625 0.02734375
12 0.45390625 0.4796875 0.00859375 0.01875
12 0.46875 0.4671875 0.00703125 0.01328125
12 0.475 0.46015625 0.0046875 0.01171875
12 0.48046875 0.45546875 0.00390625 0.00859375
12 0.48671875 0.45 0.0046875 0.01328125
12 0.4890625 0.45078125 0.00234375 0.0078125
12 0.4921875 0.4484375 0.003125 0.00703125
12 0.684375 0.53828125 0.0265625 0.04453125
12 0.61015625 0.49453125 0.0125 0.025
12 0.5859375 0.4796875 0.009375 0.01953125
12 0.5578125 0.46171875 0.00625 0.0125
12 0.55 0.4578125 0.0046875 0.0109375
12 0.5453125 0.4546875 0.00390625 0.00859375
12 0.54375 0.44921875 0.003125 0.01328125
12 0.93125 0.45 0.0046875 0.0078125
12 0.8734375 0.44765625 0.00390625 0.0078125
12 0.83359375 0.446875 0.00390625 0.00703125
12 0.50234375 0.44765625 0.00390625 0.00703125
12 0.51796875 0.44609375 0.003125 0.00546875
12 0.534375 0.44453125 0.00234375 0.00625
12 0.54765625 0.4484375 0.00234375 0.0078125
12 0.54921875 0.44765625 0.003125 0.0078125
12 0.5578125 0.44609375 0.003125 0.00703125
12 0.56953125 0.4453125 0.003125 0.0078125
12 0.6546875 0.44453125 0.00390625 0.00625
12 0.68515625 0.44453125 0.00390625 0.00625
12 0.71484375 0.44453125 0.00390625 0.00703125
12 0.73359375 0.44375 0.003125 0.00625
12 0.74375 0.4453125 0.00390625 0.0078125
12 0.77109375 0.44375 0.00390625 0.00703125
12 0.78984375 0.44609375 0.00390625 0.0078125
12 0.8171875 0.4453125 0.00390625 0.00703125
12 0.86171875 0.44609375 0.0046875 0.0078125
12 0.91640625 0.44609375 0.0046875 0.0078125