12 0.64609375 0.30703125 0.04140625 0.07734375
12 0.65078125 0.22265625 0.021875 0.04609375
12 0.65078125 0.1859375 0.015625 0.028125
12 0.6578125 0.16875 0.0078125 0.02734375
12 0.6359375 0.15625 0.0078125 0.0203125
12 0.5421875 0.14375 0.00703125 0.0203125
12 0.1390625 0.13671875 0.0125 0.02734375
12 0.8625 0.1953125 0.015625 0.0328125
12 0.071875 0.11328125 0.0125 0.021875
12 0.10703125 0.10625 0.009375 0.01640625
12 0.09375 0.10625 0.0125 0.0234375
12 0.7984375 0.17421875 0.0109375 0.025
12 0.740625 0.16015625 0.009375 0.02109375
12 0.66484375 0.1484375 0.00703125 0.0171875
12 0.596875 0.1421875 0.00703125 0.01640625
12 0.50859375 0.13359375 0.00625 0.01328125
12 0.4515625 0.13046875 0.00625 0.01484375
12 0.4671875 0.1359375 0.0078125 0.0171875
12 0.3875 0.1296875 0.00703125 0.0171875
12 0.3890625 0.125 0.00390625 0.0109375
12 0.353125 0.1203125 0.00546875 0.0125
12 0.34140625 0.11640625 0.0046875 0.01171875
12 0.3296875 0.1140625 0.0046875 0.0109375
12 0.325 0.11171875 0.00390625 0.0109375
12 0.31484375 0.1234375 0.0078125 0.015625
12 0.3171875 0.10859375 0.00390625 0.00859375
12 0.321875 0.10703125 0.00390625 0.00859375
12 0.3015625 0.1046875 0.0046875 0.0078125
12 0.2640625 0.1171875 0.00625 0.0125
12 0.259375 0.1125 0.0046875 0.0125
12 0.2640625 0.109375 0.0046875 0.01171875
12 0.26875 0.1078125 0.0046875 0.01015625
12 0.2703125 0.10625 0.00390625 0.009375
12 0.2765625 0.10546875 0.003125 0.009375
12 0.21875 0.13046875 0.009375 0.01796875
12 0.21953125 0.12109375 0.00703125 0.015625
12 0.2140625 0.1109375 0.00703125 0.025
12 0.20859375 0.10234375 0.003125 0.01484375
12 0.125 0.10078125 0.00703125 0.0125
12 0.13671875 0.09921875 0.0046875 0.00859375
12 0.14375 0.09765625 0.00546875 0.00625