3 0.58671875 0.30625 0.02421875 0.05703125
3 0.43359375 0.30703125 0.03671875 0.06484375
3 0.23828125 0.315625 0.040625 0.06484375
3 0.47578125 0.34453125 0.03671875 0.09375
3 0.17421875 0.3515625 0.046875 0.090625
3 0.56171875 0.35546875 0.03515625 0.0875
3 0.38359375 0.3671875 0.04140625 0.08203125
3 0.28203125 0.378125 0.04765625 0.0875
3 0.0703125 0.38671875 0.05546875 0.0875
3 0.634375 0.39765625 0.04765625 0.09375
3 0.12578125 0.4359375 0.05234375 0.0734375
3 0.32734375 0.4390625 0.04921875 0.08515625
3 0.4359375 0.4421875 0.04921875 0.0796875
3 0.221875 0.45625 0.05859375 0.09609375
3 0.525 0.46171875 0.05234375 0.1078125
3 0.34765625 0.28046875 0.0375 0.08515625