12 0.2515625 0.5625 0.0546875 0.153125
12 0.88125 0.596875 0.05390625 0.128125
12 0.78359375 0.42890625 0.02578125 0.05859375
12 0.31875 0.36015625 0.01015625 0.02890625
12 0.37890625 0.33828125 0.00859375 0.02421875
12 0.46171875 0.3546875 0.0140625 0.03046875
12 0.4859375 0.3375 0.00703125 0.021875
12 0.52109375 0.390625 0.0171875 0.0484375
12 0.66328125 0.35625 0.01328125 0.03125
12 0.63984375 0.3359375 0.009375 0.01953125
12 0.56015625 0.32578125 0.00625 0.01796875
12 0.5515625 0.315625 0.003125 0.01484375
12 0.82890625 0.38828125 0.01484375 0.03515625
12 0.90234375 0.3796875 0.01015625 0.0265625
12 0.92265625 0.35234375 0.009375 0.03046875
12 0.9 0.34765625 0.01015625 0.03046875
12 0.91171875 0.35625 0.00859375 0.02109375
12 0.796875 0.3421875 0.00859375 0.0234375