12 0.7328125 0.4953125 0.05234375 0.1234375
12 0.21484375 0.5421875 0.0515625 0.11171875
12 0.03828125 0.4875 0.02578125 0.05859375
12 0.3734375 0.40625 0.02734375 0.0578125
12 0.68828125 0.3625 0.01796875 0.04609375
12 0.8359375 0.38359375 0.03203125 0.0625
12 0.60703125 0.38671875 0.0296875 0.04296875
12 0.909375 0.4140625 0.02578125 0.05546875
12 0.2828125 0.396875 0.021875 0.046875
12 0.12421875 0.4265625 0.02578125 0.04375
12 0.4375 0.3453125 0.00859375 0.0359375
12 0.44140625 0.34453125 0.00703125 0.03359375
12 0.55 0.334375 0.00859375 0.0328125
12 0.546875 0.33203125 0.0078125 0.03671875
12 0.39453125 0.365625 0.00859375 0.02890625
12 0.58671875 0.35078125 0.00859375 0.02890625