1 0.310096 0.080529 0.197115 0.161058
1 0.225962 0.054087 0.096154 0.108173
1 0.170673 0.052885 0.177885 0.105769
1 0.884615 0.366587 0.225962 0.420673
1 0.743990 0.245192 0.127404 0.225962
1 0.474760 0.156250 0.069712 0.163462
1 0.544471 0.156250 0.084135 0.149038
1 0.445913 0.086538 0.012019 0.091346
1 0.296875 0.873798 0.281250 0.247596
1 0.120192 0.905048 0.240385 0.185096
1 0.924279 0.788462 0.146635 0.418269
1 0.887019 0.743990 0.221154 0.329327
1 0.792067 0.709135 0.228365 0.259615
1 0.695913 0.673077 0.237981 0.187500
1 0.593750 0.646635 0.182692 0.134615
1 0.525240 0.623798 0.165865 0.088942
