1 0.709135 0.354567 0.033654 0.382212
1 0.677885 0.324519 0.096154 0.394231
1 0.649038 0.299279 0.125000 0.353365
1 0.590144 0.284856 0.141827 0.358173
1 0.515625 0.292067 0.137019 0.319712
1 0.450721 0.272837 0.122596 0.295673
1 0.365385 0.314904 0.096154 0.192308
1 0.298077 0.302885 0.129808 0.312500
1 0.206731 0.293269 0.163462 0.375000
1 0.072115 0.264423 0.144231 0.451923
1 0.026442 0.223558 0.052885 0.389423
1 0.114183 0.237981 0.122596 0.322115
1 0.158654 0.250000 0.081731 0.307692
1 0.260817 0.147837 0.074519 0.137019
1 0.376202 0.175481 0.084135 0.091346
1 0.968750 0.153846 0.057692 0.153846
1 0.853365 0.037260 0.182692 0.074519
1 0.740385 0.284856 0.024038 0.103365
1 0.430288 0.725962 0.581731 0.336538
1 0.889423 0.787260 0.216346 0.415865
