0 0.763671875 0.1689453125 0.07421875 0.109375
0 0.373046875 0.234375 0.07421875 0.142578125
0 0.548828125 0.2998046875 0.068359375 0.12890625
1 0.1748046875 0.3935546875 0.16796875 0.404296875
1 0.3466796875 0.43359375 0.140625 0.27734375
1 0.076171875 0.4345703125 0.0859375 0.185546875
1 0.7373046875 0.4716796875 0.15625 0.375
1 0.2412109375 0.4599609375 0.05078125 0.18359375
1 0.6494140625 0.5068359375 0.0625 0.15234375
1 0.4033203125 0.509765625 0.041015625 0.1328125
1 0.2763671875 0.5048828125 0.0390625 0.16015625
1 0.794921875 0.541015625 0.0625 0.2109375
1 0.4521484375 0.533203125 0.052734375 0.17578125
1 0.515625 0.537109375 0.1484375 0.330078125
1 0.5654296875 0.5400390625 0.0625 0.20703125
1 0.947265625 0.6787109375 0.10546875 0.455078125
1 0.8818359375 0.7548828125 0.091796875 0.23828125
0 0.2060546875 0.1201171875 0.087890625 0.16015625
