1 0.3662109375 0.3740234375 0.294921875 0.271484375
0 0.087890625 0.6142578125 0.103515625 0.109375
0 0.1162109375 0.54296875 0.076171875 0.072265625
0 0.240234375 0.552734375 0.06640625 0.08203125
0 0.3173828125 0.6318359375 0.076171875 0.09765625
0 0.3984375 0.521484375 0.064453125 0.037109375
1 0.06640625 0.84375 0.1328125 0.2734375
1 0.2255859375 0.74609375 0.138671875 0.267578125
1 0.3115234375 0.849609375 0.14453125 0.271484375
1 0.40234375 0.693359375 0.130859375 0.255859375
1 0.48046875 0.6845703125 0.03125 0.2265625
1 0.830078125 0.5751953125 0.3359375 0.11328125
