1 0.810546875 0.298828125 0.2646484375 0.1806640625
0 0.8037109375 0.08984375 0.19921875 0.08203125
0 0.419921875 0.509765625 0.0166015625 0.0673828125
0 0.072265625 0.52734375 0.04296875 0.083984375
0 0.185546875 0.5673828125 0.0361328125 0.08203125
0 0.3017578125 0.595703125 0.0380859375 0.052734375
1 0.064453125 0.693359375 0.0888671875 0.23828125
1 0.18359375 0.7041015625 0.08203125 0.189453125
1 0.40234375 0.7041015625 0.05078125 0.240234375
1 0.296875 0.7744140625 0.09375 0.2138671875
1 0.8955078125 0.4736328125 0.208984375 0.16796875
