0 0.541015625 0.0712890625 0.1923828125 0.1416015625
0 0.380859375 0.232421875 0.10546875 0.123046875
0 0.150390625 0.3037109375 0.1103515625 0.2353515625
0 0.037109375 0.4990234375 0.07421875 0.1181640625
0 0.2490234375 0.5322265625 0.091796875 0.095703125
0 0.45703125 0.626953125 0.10546875 0.115234375
0 0.5361328125 0.71875 0.0556640625 0.10546875
0 0.59765625 0.7041015625 0.0673828125 0.08203125
1 0.03515625 0.80859375 0.0693359375 0.3818359375
1 0.087890625 0.8447265625 0.0986328125 0.310546875
1 0.267578125 0.76953125 0.17578125 0.2978515625
1 0.443359375 0.865234375 0.1611328125 0.26953125
0 0.83984375 0.462890625 0.0888671875 0.0458984375
1 0.796875 0.640625 0.146484375 0.26953125
