0 0.052734375 0.3505859375 0.10546875 0.189453125
1 0.28515625 0.298828125 0.244140625 0.283203125
0 0.4013671875 0.080078125 0.068359375 0.0703125
0 0.7607421875 0.021484375 0.076171875 0.04296875
0 0.876953125 0.033203125 0.068359375 0.064453125
1 0.615234375 0.3017578125 0.154296875 0.30078125
1 0.7998046875 0.201171875 0.130859375 0.28515625
1 0.9091796875 0.2314453125 0.138671875 0.265625
0 0.5927734375 0.087890625 0.080078125 0.09375
0 0.1875 0.61328125 0.142578125 0.087890625
0 0.0419921875 0.6572265625 0.068359375 0.130859375
1 0.2734375 0.66796875 0.349609375 0.23828125
1 0.07421875 0.6513671875 0.130859375 0.13671875
1 0.65625 0.548828125 0.28515625 0.091796875
