0 0.298828125 0.3525390625 0.046875 0.060546875
0 0.4091796875 0.3564453125 0.04296875 0.056640625
0 0.5185546875 0.353515625 0.0390625 0.048828125
0 0.5703125 0.3740234375 0.048828125 0.080078125
0 0.6494140625 0.3583984375 0.048828125 0.08203125
0 0.7490234375 0.345703125 0.044921875 0.0703125
1 0.3125 0.5341796875 0.1015625 0.1953125
1 0.412109375 0.5107421875 0.0859375 0.1640625
1 0.525390625 0.5166015625 0.11328125 0.173828125
1 0.6298828125 0.5234375 0.091796875 0.208984375
1 0.751953125 0.494140625 0.078125 0.205078125
0 0.96875 0.5029296875 0.03125 0.05859375
1 0.9423828125 0.5400390625 0.048828125 0.060546875
