1 0.1044921875 0.2060546875 0.138671875 0.279296875
1 0.7822265625 0.2412109375 0.341796875 0.443359375
1 0.939453125 0.267578125 0.12109375 0.421875
0 0.04296875 0.392578125 0.05078125 0.06640625
0 0.1796875 0.390625 0.060546875 0.0625
0 0.392578125 0.4638671875 0.080078125 0.076171875
1 0.0498046875 0.5341796875 0.099609375 0.197265625
1 0.171875 0.5556640625 0.13671875 0.216796875
1 0.341796875 0.6416015625 0.125 0.236328125
1 0.529296875 0.6455078125 0.130859375 0.24609375
1 0.900390625 0.57421875 0.17578125 0.236328125
