0 0.2587890625 0.212890625 0.0263671875 0.04296875
0 0.5478515625 0.228515625 0.0244140625 0.0478515625
0 0.375 0.24609375 0.029296875 0.0458984375
0 0.615234375 0.255859375 0.0263671875 0.0458984375
0 0.4384765625 0.2744140625 0.029296875 0.0478515625
0 0.50390625 0.2880859375 0.021484375 0.03125
1 0.55078125 0.333984375 0.0556640625 0.1298828125
0 0.2548828125 0.3427734375 0.0625 0.15625
1 0.5673828125 0.34765625 0.021484375 0.09375
1 0.369140625 0.3486328125 0.0380859375 0.1298828125
1 0.435546875 0.3583984375 0.0478515625 0.115234375
1 0.34375 0.3583984375 0.0263671875 0.0693359375
1 0.5 0.375 0.04296875 0.115234375
1 0.517578125 0.375 0.01953125 0.072265625
1 0.61328125 0.375 0.060546875 0.154296875
1 0.4619140625 0.3818359375 0.0146484375 0.0478515625
1 0.4755859375 0.384765625 0.0146484375 0.060546875
1 0.412109375 0.38671875 0.01171875 0.052734375
1 0.58203125 0.421875 0.0166015625 0.072265625
1 0.6396484375 0.423828125 0.0244140625 0.064453125
