0 0.361328125 0.0166015625 0.03515625 0.033203125
0 0.185546875 0.005859375 0.0390625 0.01171875
0 0.244140625 0.015625 0.02734375 0.03125
1 0.2802734375 0.0693359375 0.08203125 0.13671875
1 0.294921875 0.0859375 0.041015625 0.095703125
1 0.10546875 0.0546875 0.0546875 0.109375
1 0.1630859375 0.0673828125 0.072265625 0.123046875
1 0.22265625 0.0986328125 0.068359375 0.12109375
1 0.240234375 0.1025390625 0.03515625 0.07421875
1 0.33203125 0.123046875 0.091796875 0.166015625
1 0.18359375 0.095703125 0.025390625 0.05078125
1 0.197265625 0.1025390625 0.029296875 0.064453125
1 0.134765625 0.08984375 0.0234375 0.052734375
1 0.291015625 0.162109375 0.033203125 0.07421875
1 0.34765625 0.177734375 0.037109375 0.06640625
1 0.888671875 0.7763671875 0.14453125 0.15234375
