1 0.4267578125 0.3076171875 0.220703125 0.296875
0 0.4814453125 0.060546875 0.162109375 0.12109375
1 0.6298828125 0.240234375 0.232421875 0.2578125
0 0.638671875 0.0478515625 0.154296875 0.083984375
1 0.3740234375 0.681640625 0.19921875 0.236328125
0 0.421875 0.5087890625 0.12890625 0.041015625
0 0.5712890625 0.7392578125 0.123046875 0.140625
0 0.7216796875 0.666015625 0.1328125 0.140625
0 0.9052734375 0.7392578125 0.1328125 0.13671875
1 0.5400390625 0.9375 0.185546875 0.125
1 0.6875 0.908203125 0.234375 0.18359375
1 0.8564453125 0.939453125 0.169921875 0.12109375
