0 0.5224609375 0.1142578125 0.064453125 0.064453125
1 0.0166015625 0.123046875 0.033203125 0.1923828125
1 0.5419921875 0.26171875 0.07421875 0.2119140625
1 0.4384765625 0.107421875 0.04296875 0.072265625
0 0.439453125 0.052734375 0.0244140625 0.033203125
0 0.7900390625 0.220703125 0.064453125 0.0673828125
0 0.916015625 0.271484375 0.0625 0.0576171875
0 0.6396484375 0.21484375 0.04296875 0.0556640625
1 0.6357421875 0.3525390625 0.10546875 0.1611328125
1 0.810546875 0.373046875 0.103515625 0.220703125
1 0.9326171875 0.4169921875 0.091796875 0.20703125
1 0.431640625 0.833984375 0.2958984375 0.33203125
1 0.154296875 0.69140625 0.08203125 0.0458984375
