0 0.5126953125 0.009765625 0.068359375 0.01953125
0 0.21875 0.005859375 0.0859375 0.01171875
0 0.068359375 0.0732421875 0.05859375 0.146484375
1 0.4931640625 0.1708984375 0.15625 0.2265625
1 0.189453125 0.201171875 0.185546875 0.3046875
1 0.2392578125 0.3037109375 0.107421875 0.2421875
1 0.068359375 0.38671875 0.13671875 0.40625
1 0.064453125 0.4892578125 0.12890625 0.205078125
0 0.9892578125 0.1015625 0.021484375 0.08984375
1 0.935546875 0.2978515625 0.12890625 0.263671875
1 0.181640625 0.7734375 0.36328125 0.359375
1 0.8330078125 0.91796875 0.251953125 0.1640625
0 0.8720703125 0.7744140625 0.162109375 0.09765625
