0 0.126953125 0.076171875 0.04296875 0.048828125
0 0.2509765625 0.3125 0.1484375 0.16015625
0 0.3935546875 0.1279296875 0.05078125 0.05078125
0 0.4326171875 0.08203125 0.03125 0.03515625
0 0.5107421875 0.1787109375 0.0546875 0.07421875
0 0.54296875 0.10546875 0.029296875 0.03515625
0 0.6279296875 0.1748046875 0.0546875 0.05078125
0 0.75390625 0.2626953125 0.05859375 0.05859375
0 0.9052734375 0.169921875 0.03125 0.037109375
0 0.9833984375 0.4638671875 0.033203125 0.076171875
0 0.8310546875 0.5888671875 0.171875 0.19140625
0 0.55078125 0.67578125 0.119140625 0.146484375
1 0.140625 0.6728515625 0.27734375 0.490234375
1 0.4970703125 0.849609375 0.232421875 0.30078125
1 0.7216796875 0.833984375 0.220703125 0.33203125
