1 0.3544921875 0.353515625 0.244140625 0.30859375
0 0.3046875 0.10546875 0.169921875 0.134765625
1 0.5126953125 0.208984375 0.251953125 0.271484375
0 0.4423828125 0.0390625 0.158203125 0.078125
1 0.458984375 0.716796875 0.216796875 0.248046875
0 0.431640625 0.5390625 0.12890625 0.052734375
0 0.662109375 0.6904296875 0.134765625 0.1484375
0 0.7705078125 0.5615234375 0.14453125 0.150390625
0 0.9482421875 0.5537109375 0.103515625 0.146484375
1 0.7197265625 0.89453125 0.193359375 0.162109375
1 0.84765625 0.8193359375 0.25 0.25
1 0.9638671875 0.7890625 0.072265625 0.203125
