1 0.2119140625 0.181640625 0.197265625 0.234375
1 0.392578125 0.1923828125 0.251953125 0.2109375
1 0.8857421875 0.1337890625 0.228515625 0.265625
1 0.37109375 0.44140625 0.2109375 0.1875
0 0.69140625 0.306640625 0.02734375 0.015625
0 0.53125 0.3291015625 0.021484375 0.046875
0 0.75 0.3369140625 0.03125 0.04296875
0 0.5869140625 0.3544921875 0.0234375 0.04296875
0 0.6474609375 0.3681640625 0.01953125 0.0390625
1 0.6943359375 0.39453125 0.04296875 0.1171875
1 0.53515625 0.421875 0.03125 0.13671875
1 0.71484375 0.421875 0.01953125 0.078125
1 0.5888671875 0.42578125 0.05078125 0.1171875
1 0.751953125 0.4423828125 0.046875 0.146484375
1 0.6650390625 0.447265625 0.0078125 0.0625
1 0.6259765625 0.4482421875 0.01953125 0.06640625
1 0.650390625 0.451171875 0.04296875 0.115234375
1 0.5634765625 0.458984375 0.015625 0.046875
1 0.609375 0.4619140625 0.015625 0.0546875
1 0.6943359375 0.4013671875 0.052734375 0.12890625
1 0.77734375 0.484375 0.021484375 0.052734375
1 0.724609375 0.486328125 0.0078125 0.060546875
1 0.5361328125 0.4326171875 0.033203125 0.14453125
1 0.5888671875 0.4326171875 0.052734375 0.109375
1 0.6455078125 0.453125 0.046875 0.11328125
1 0.755859375 0.443359375 0.05859375 0.1484375
