0 0.0595703125 0.33984375 0.119140625 0.2109375
1 0.2919921875 0.3125 0.24609375 0.279296875
0 0.5400390625 0.1884765625 0.0859375 0.091796875
1 0.578125 0.408203125 0.173828125 0.263671875
1 0.1494140625 0.8564453125 0.162109375 0.171875
0 0.7587890625 0.5859375 0.072265625 0.064453125
0 0.8720703125 0.619140625 0.06640625 0.060546875
1 0.5908203125 0.8603515625 0.134765625 0.27734375
1 0.7841796875 0.78125 0.11328125 0.279296875
1 0.8916015625 0.818359375 0.12109375 0.259765625
0 0.5859375 0.6533203125 0.07421875 0.08984375
