0 0.1171875 0.140625 0.072265625 0.080078125
0 0.2412109375 0.1328125 0.0390625 0.0390625
0 0.287109375 0.181640625 0.04296875 0.07421875
0 0.333984375 0.2080078125 0.037109375 0.03515625
0 0.384765625 0.18359375 0.044921875 0.04296875
0 0.4501953125 0.2724609375 0.07421875 0.076171875
0 0.55859375 0.2197265625 0.0546875 0.0546875
0 0.7021484375 0.3564453125 0.005859375 0.03125
0 0.697265625 0.3408203125 0.017578125 0.025390625
0 0.615234375 0.291015625 0.0234375 0.029296875
0 0.6123046875 0.314453125 0.017578125 0.01953125
1 0.072265625 0.3701171875 0.14453125 0.271484375
1 0.2626953125 0.2744140625 0.080078125 0.15625
1 0.474609375 0.435546875 0.109375 0.169921875
1 0.8515625 0.076171875 0.279296875 0.138671875
0 0.748046875 0.5419921875 0.099609375 0.033203125
