1 0.099609375 0.185546875 0.19921875 0.3173828125
0 0.9208984375 0.21875 0.0791015625 0.08203125
0 0.7744140625 0.3125 0.04296875 0.0693359375
0 0.8798828125 0.3291015625 0.021484375 0.0380859375
1 0.77734375 0.4580078125 0.0791015625 0.19921875
1 0.9013671875 0.4521484375 0.14453125 0.2119140625
1 0.1455078125 0.697265625 0.291015625 0.279296875
0 0.94921875 0.7177734375 0.0458984375 0.0673828125
0 0.5869140625 0.734375 0.04296875 0.083984375
0 0.69921875 0.7744140625 0.0380859375 0.08203125
0 0.81640625 0.802734375 0.0380859375 0.052734375
1 0.578125 0.8896484375 0.0888671875 0.220703125
1 0.697265625 0.9072265625 0.08203125 0.185546875
1 0.9443359375 0.8955078125 0.10546875 0.208984375
1 0.8115234375 0.9365234375 0.09375 0.126953125
