1 0.806640625 0.29296875 0.267578125 0.185546875
0 0.796875 0.0849609375 0.201171875 0.0859375
0 0.419921875 0.5107421875 0.017578125 0.068359375
0 0.0732421875 0.53515625 0.044921875 0.083984375
0 0.1865234375 0.5732421875 0.037109375 0.08203125
0 0.3037109375 0.599609375 0.0390625 0.052734375
1 0.068359375 0.701171875 0.09375 0.240234375
1 0.1875 0.7099609375 0.0859375 0.19140625
1 0.40625 0.7060546875 0.0546875 0.240234375
1 0.3017578125 0.7783203125 0.09765625 0.21484375
1 0.89453125 0.466796875 0.2109375 0.171875
