1 0.19140625 0.4052734375 0.353515625 0.318359375
0 0.12890625 0.1640625 0.19921875 0.11328125
0 0.234375 0.3388671875 0.46875 0.564453125
1 0.845703125 0.1884765625 0.21875 0.2109375
0 0.818359375 0.0361328125 0.125 0.072265625
0 0.099609375 0.7412109375 0.142578125 0.203125
1 0.603515625 0.505859375 0.048828125 0.046875
1 0.619140625 0.490234375 0.0234375 0.021484375
1 0.7158203125 0.4892578125 0.072265625 0.0703125
1 0.564453125 0.5 0.015625 0.013671875
1 0.5791015625 0.501953125 0.01953125 0.021484375
1 0.5185546875 0.513671875 0.013671875 0.017578125
1 0.6865234375 0.4990234375 0.029296875 0.064453125
1 0.7431640625 0.4853515625 0.037109375 0.064453125
