0 0.4521484375 0.0087890625 0.0673828125 0.0166015625
0 0.158203125 0.0224609375 0.08203125 0.044921875
0 0.017578125 0.1044921875 0.03515625 0.193359375
1 0.453125 0.173828125 0.1318359375 0.2119140625
1 0.1552734375 0.2412109375 0.1513671875 0.2880859375
1 0.216796875 0.3369140625 0.0791015625 0.2333984375
1 0.0517578125 0.44140625 0.103515625 0.396484375
1 0.060546875 0.54296875 0.1201171875 0.1923828125
0 0.96484375 0.041015625 0.0693359375 0.08203125
1 0.9287109375 0.244140625 0.1416015625 0.248046875
1 0.197265625 0.8134765625 0.3701171875 0.3173828125
1 0.884765625 0.9033203125 0.23046875 0.193359375
0 0.90234375 0.7275390625 0.154296875 0.0791015625
