0 0.076171875 0.111328125 0.044921875 0.041015625
0 0.1884765625 0.13671875 0.029296875 0.041015625
0 0.3828125 0.1591796875 0.03125 0.044921875
1 0.265625 0.166015625 0.13671875 0.33203125
1 0.44921875 0.2470703125 0.134765625 0.291015625
1 0.1826171875 0.2412109375 0.068359375 0.158203125
1 0.3720703125 0.26171875 0.041015625 0.13671875
1 0.0576171875 0.2392578125 0.07421875 0.162109375
1 0.18359375 0.26953125 0.041015625 0.1015625
1 0.0634765625 0.2646484375 0.046875 0.09765625
1 0.5751953125 0.400390625 0.099609375 0.177734375
1 0.5419921875 0.4208984375 0.080078125 0.12890625
1 0.8486328125 0.365234375 0.302734375 0.328125
1 0.642578125 0.396484375 0.17578125 0.20703125
1 0.7080078125 0.4072265625 0.201171875 0.203125
1 0.1533203125 0.50390625 0.296875 0.15234375
