0 0.5166015625 0.30078125 0.087890625 0.091796875
0 0.7353515625 0.38671875 0.041015625 0.0625
0 0.966796875 0.455078125 0.06640625 0.06640625
0 0.3583984375 0.3740234375 0.052734375 0.07421875
0 0.4599609375 0.404296875 0.02734375 0.041015625
0 0.59765625 0.4443359375 0.03515625 0.046875
1 0.7119140625 0.53515625 0.099609375 0.203125
1 0.33984375 0.53125 0.109375 0.234375
1 0.580078125 0.5693359375 0.08203125 0.1640625
1 0.9228515625 0.6865234375 0.146484375 0.3125
1 0.4521484375 0.623046875 0.19921875 0.416015625
