1 0.134765625 0.14453125 0.26953125 0.259765625
1 0.1259765625 0.416015625 0.0556640625 0.033203125
1 0.142578125 0.4130859375 0.021484375 0.029296875
1 0.017578125 0.4248046875 0.03515625 0.052734375
1 0.076171875 0.43359375 0.041015625 0.0693359375
1 0.09375 0.4228515625 0.01953125 0.0478515625
1 0.1884765625 0.443359375 0.060546875 0.0888671875
1 0.0380859375 0.419921875 0.0146484375 0.041015625
1 0.052734375 0.423828125 0.0146484375 0.05078125
1 0.158203125 0.4580078125 0.0166015625 0.072265625
1 0.216796875 0.4599609375 0.0244140625 0.064453125
0 0.6884765625 0.4638671875 0.15625 0.1298828125
1 0.708984375 0.8349609375 0.3603515625 0.3291015625
