1 0.2490234375 0.216796875 0.2421875 0.275390625
0 0.740234375 0.0634765625 0.044921875 0.048828125
0 0.67578125 0.2880859375 0.0390625 0.044921875
0 0.75390625 0.3271484375 0.03125 0.046875
0 0.970703125 0.1171875 0.046875 0.05078125
0 0.9853515625 0.3125 0.029296875 0.05078125
1 0.6943359375 0.1123046875 0.078125 0.111328125
1 0.7255859375 0.3330078125 0.076171875 0.13671875
1 0.9326171875 0.19921875 0.09765625 0.15234375
1 0.9638671875 0.3837890625 0.072265625 0.119140625
1 0.1630859375 0.6142578125 0.326171875 0.337890625
0 0.2041015625 0.365234375 0.224609375 0.119140625
0 0.9150390625 0.599609375 0.130859375 0.14453125
0 0.673828125 0.6181640625 0.16015625 0.25390625
