0 0.421875 0.1220703125 0.078125 0.078125
1 0.478515625 0.2587890625 0.126953125 0.224609375
1 0.3388671875 0.13671875 0.060546875 0.080078125
0 0.326171875 0.083984375 0.03125 0.0390625
0 0.7080078125 0.1552734375 0.080078125 0.08203125
0 0.8427734375 0.171875 0.076171875 0.072265625
0 0.5615234375 0.1884765625 0.056640625 0.064453125
1 0.5927734375 0.322265625 0.14453125 0.18359375
1 0.767578125 0.296875 0.15625 0.240234375
1 0.896484375 0.3076171875 0.142578125 0.224609375
1 0.51953125 0.8203125 0.37109375 0.359375
1 0.2158203125 0.7744140625 0.091796875 0.06640625
