1 0.119140625 0.15234375 0.126953125 0.2109375
1 0.34375 0.1748046875 0.138671875 0.212890625
1 0.6142578125 0.236328125 0.140625 0.228515625
1 0.47265625 0.171875 0.13671875 0.1875
1 0.23046875 0.0234375 0.0859375 0.046875
1 0.330078125 0.0361328125 0.0703125 0.072265625
0 0.8935546875 0.1484375 0.1796875 0.146484375
1 0.845703125 0.443359375 0.24609375 0.330078125
1 0.2041015625 0.708984375 0.408203125 0.3984375
1 0.5888671875 0.8798828125 0.302734375 0.240234375
0 0.63671875 0.669921875 0.19921875 0.130859375
