0 0.263671875 0.2666015625 0.134765625 0.16796875
0 0.404296875 0.1611328125 0.095703125 0.087890625
0 0.4892578125 0.1279296875 0.060546875 0.17578125
1 0.232421875 0.443359375 0.23046875 0.322265625
1 0.482421875 0.3779296875 0.1796875 0.33203125
1 0.8388671875 0.1796875 0.236328125 0.185546875
1 0.6142578125 0.2216796875 0.234375 0.345703125
0 0.8564453125 0.4794921875 0.060546875 0.05859375
1 0.419921875 0.8974609375 0.30078125 0.205078125
0 0.392578125 0.6884765625 0.23828125 0.1328125
1 0.685546875 0.78125 0.19140625 0.396484375
1 0.87890625 0.75390625 0.2421875 0.39453125
