0 0.4501953125 0.080078125 0.216796875 0.16015625
0 0.328125 0.2626953125 0.12890625 0.142578125
0 0.1171875 0.380859375 0.15625 0.25390625
0 0.0478515625 0.5947265625 0.095703125 0.130859375
0 0.2607421875 0.583984375 0.109375 0.11328125
0 0.484375 0.6328125 0.126953125 0.134765625
0 0.5810546875 0.7060546875 0.076171875 0.115234375
0 0.6376953125 0.6796875 0.08203125 0.09375
1 0.1083984375 0.8515625 0.146484375 0.296875
1 0.16796875 0.8798828125 0.16015625 0.240234375
1 0.3291015625 0.8115234375 0.234375 0.328125
1 0.5205078125 0.8603515625 0.212890625 0.279296875
0 0.82421875 0.392578125 0.095703125 0.0625
1 0.8193359375 0.576171875 0.19921875 0.294921875
