1 0.05859375 0.4990234375 0.083984375 0.134765625
1 0.615234375 0.56640625 0.064453125 0.1181640625
1 0.130859375 0.5556640625 0.04296875 0.115234375
1 0.203125 0.5478515625 0.0625 0.1396484375
1 0.28515625 0.58984375 0.052734375 0.1318359375
1 0.431640625 0.55078125 0.0556640625 0.115234375
1 0.5068359375 0.533203125 0.0673828125 0.1083984375
1 0.822265625 0.603515625 0.04296875 0.0986328125
1 0.892578125 0.556640625 0.0458984375 0.083984375
1 0.9580078125 0.5458984375 0.0361328125 0.0791015625
