1 0.27734375 0.13671875 0.2451171875 0.2138671875
1 0.5791015625 0.05078125 0.14453125 0.1005859375
1 0.75390625 0.03515625 0.126953125 0.0693359375
1 0.4833984375 0.01953125 0.0771484375 0.0380859375
1 0.6494140625 0.02734375 0.041015625 0.0546875
1 0.8134765625 0.0361328125 0.03125 0.072265625
1 0.6884765625 0.044921875 0.03125 0.0888671875
1 0.865234375 0.056640625 0.04296875 0.11328125
1 0.9287109375 0.0947265625 0.1318359375 0.189453125
1 0.974609375 0.064453125 0.046875 0.12890625
1 0.3349609375 0.52734375 0.166015625 0.21875
1 0.7607421875 0.8115234375 0.4638671875 0.376953125
0 0.712890625 0.48828125 0.3388671875 0.1396484375
