0 0.1318359375 0.013671875 0.052734375 0.0263671875
0 0.2646484375 0.0166015625 0.0576171875 0.033203125
1 0.02734375 0.1201171875 0.0546875 0.240234375
1 0.3916015625 0.1513671875 0.115234375 0.302734375
1 0.1455078125 0.134765625 0.095703125 0.240234375
1 0.060546875 0.1416015625 0.0361328125 0.1611328125
1 0.337890625 0.1865234375 0.0263671875 0.1201171875
1 0.21875 0.1982421875 0.0166015625 0.14453125
1 0.1923828125 0.205078125 0.03125 0.10546875
1 0.4365234375 0.20703125 0.0263671875 0.20703125
1 0.30078125 0.2138671875 0.052734375 0.1611328125
1 0.09375 0.21484375 0.01953125 0.0869140625
1 0.2587890625 0.216796875 0.10546875 0.28125
1 0.853515625 0.51953125 0.2646484375 0.0625
