0 0.6669921875 0.19140625 0.05859375 0.07421875
0 0.30859375 0.138671875 0.05859375 0.08984375
0 0.4111328125 0.1982421875 0.052734375 0.087890625
0 0.5205078125 0.2490234375 0.046875 0.05859375
0 0.7939453125 0.3564453125 0.064453125 0.09375
1 0.1181640625 0.2568359375 0.169921875 0.32421875
1 0.26953125 0.2998046875 0.1328125 0.251953125
1 0.3837890625 0.3330078125 0.119140625 0.205078125
1 0.6279296875 0.3818359375 0.1484375 0.255859375
1 0.482421875 0.4228515625 0.1328125 0.228515625
1 0.73828125 0.5478515625 0.16796875 0.30078125
0 0.1640625 0.025390625 0.0703125 0.05078125
