1 0.2880859375 0.2939453125 0.3828125 0.390625
0 0.6083984375 0.2158203125 0.03515625 0.04296875
0 0.69140625 0.224609375 0.04296875 0.052734375
0 0.75 0.228515625 0.060546875 0.060546875
1 0.4375 0.7421875 0.21875 0.515625
1 0.009765625 0.6533203125 0.01953125 0.341796875
1 0.2451171875 0.712890625 0.38671875 0.54296875
1 0.0771484375 0.685546875 0.154296875 0.5078125
1 0.1142578125 0.701171875 0.228515625 0.49609375
1 0.8896484375 0.802734375 0.189453125 0.39453125
0 0.865234375 0.865234375 0.185546875 0.17578125
