1 0.10546875 0.09375 0.2109375 0.1875
1 0.5517578125 0.1318359375 0.048828125 0.263671875
1 0.677734375 0.1162109375 0.11328125 0.232421875
1 0.58203125 0.126953125 0.021484375 0.1396484375
1 0.96875 0.142578125 0.04296875 0.1630859375
1 0.6142578125 0.1474609375 0.041015625 0.123046875
1 0.7275390625 0.162109375 0.0263671875 0.11328125
1 0.7880859375 0.181640625 0.060546875 0.177734375
1 0.83203125 0.18359375 0.123046875 0.322265625
1 0.890625 0.1865234375 0.0556640625 0.1875
1 0.3798828125 0.5302734375 0.2451171875 0.1611328125
0 0.599609375 0.5048828125 0.1416015625 0.1103515625
1 0.921875 0.662109375 0.15625 0.416015625
