1 0.2294921875 0.3232421875 0.31640625 0.271484375
0 0.2353515625 0.07421875 0.19140625 0.08203125
0 0.2451171875 0.2607421875 0.490234375 0.494140625
1 0.91015625 0.2958984375 0.1796875 0.181640625
0 0.9365234375 0.1376953125 0.119140625 0.06640625
0 0.052734375 0.62109375 0.10546875 0.19140625
1 0.59765625 0.5341796875 0.04296875 0.041015625
1 0.6171875 0.5234375 0.01953125 0.017578125
1 0.7109375 0.548828125 0.064453125 0.060546875
1 0.5615234375 0.517578125 0.015625 0.009765625
1 0.576171875 0.5234375 0.015625 0.01953125
1 0.513671875 0.5185546875 0.009765625 0.017578125
1 0.6796875 0.55078125 0.01953125 0.0625
1 0.73828125 0.552734375 0.02734375 0.0625
