0 0.6064453125 0.083984375 0.212890625 0.16796875
0 0.423828125 0.216796875 0.123046875 0.138671875
0 0.185546875 0.2509765625 0.146484375 0.25
0 0.0439453125 0.42578125 0.087890625 0.12890625
0 0.2470703125 0.4921875 0.10546875 0.109375
0 0.4375 0.619140625 0.123046875 0.130859375
0 0.501953125 0.7216796875 0.072265625 0.11328125
0 0.564453125 0.716796875 0.080078125 0.091796875
1 0.0283203125 0.7314453125 0.056640625 0.388671875
1 0.0556640625 0.7763671875 0.111328125 0.322265625
1 0.228515625 0.7294921875 0.220703125 0.322265625
1 0.38671875 0.8515625 0.201171875 0.291015625
0 0.841796875 0.5166015625 0.095703125 0.05859375
1 0.771484375 0.685546875 0.1875 0.2890625
