0 0.1416015625 0.1728515625 0.0478515625 0.0693359375
0 0.0712890625 0.189453125 0.03125 0.0361328125
1 0.017578125 0.2021484375 0.03515625 0.080078125
1 0.0615234375 0.2236328125 0.0380859375 0.0380859375
0 0.390625 0.23828125 0.0361328125 0.0361328125
1 0.2119140625 0.2431640625 0.0263671875 0.07421875
0 0.19140625 0.2451171875 0.021484375 0.033203125
0 0.251953125 0.2490234375 0.029296875 0.052734375
1 0.349609375 0.2548828125 0.041015625 0.08203125
1 0.2802734375 0.2744140625 0.03125 0.0458984375
1 0.0625 0.28515625 0.0361328125 0.10546875
1 0.2431640625 0.2880859375 0.0166015625 0.0478515625
1 0.2705078125 0.291015625 0.052734375 0.1298828125
1 0.1943359375 0.333984375 0.0263671875 0.10546875
1 0.3759765625 0.35546875 0.064453125 0.158203125
1 0.12890625 0.361328125 0.0888671875 0.2333984375
1 0.77734375 0.04296875 0.28125 0.0859375
1 0.306640625 0.7080078125 0.2041015625 0.228515625
0 0.31640625 0.5107421875 0.1416015625 0.064453125
