1 0.384765625 0.2138671875 0.3671875 0.390625
1 0.109375 0.111328125 0.1015625 0.146484375
1 0.189453125 0.109375 0.072265625 0.1171875
0 0.1201171875 0.01171875 0.041015625 0.0234375
0 0.1875 0.03515625 0.025390625 0.03515625
1 0.0205078125 0.4736328125 0.041015625 0.138671875
1 0.0869140625 0.3798828125 0.15625 0.095703125
1 0.37890625 0.451171875 0.1484375 0.14453125
0 0.525390625 0.47265625 0.05859375 0.125
0 0.7119140625 0.537109375 0.10546875 0.109375
0 0.90234375 0.6630859375 0.123046875 0.130859375
0 0.951171875 0.7626953125 0.04296875 0.10546875
1 0.470703125 0.79296875 0.1015625 0.412109375
1 0.5029296875 0.82421875 0.146484375 0.328125
1 0.6943359375 0.7744140625 0.220703125 0.322265625
1 0.8505859375 0.875 0.205078125 0.25
