0 0.21875 0.2490234375 0.1171875 0.166015625
0 0.3662109375 0.1943359375 0.1015625 0.134765625
0 0.4423828125 0.2060546875 0.06640625 0.076171875
0 0.490234375 0.1416015625 0.080078125 0.1015625
0 0.6201171875 0.1787109375 0.06640625 0.076171875
0 0.744140625 0.2236328125 0.052734375 0.056640625
1 0.1220703125 0.4541015625 0.244140625 0.400390625
1 0.4716796875 0.349609375 0.1953125 0.3046875
1 0.5439453125 0.28125 0.1484375 0.220703125
1 0.67578125 0.3154296875 0.13671875 0.208984375
1 0.7734375 0.3212890625 0.09375 0.142578125
