1 0.0830078125 0.4365234375 0.166015625 0.177734375
1 0.2509765625 0.384765625 0.216796875 0.2734375
0 0.96484375 0.2001953125 0.0546875 0.09375
0 0.61328125 0.2734375 0.05078125 0.12890625
0 0.7685546875 0.32421875 0.064453125 0.1015625
1 0.6201171875 0.4013671875 0.0546875 0.2109375
1 0.939453125 0.3994140625 0.12109375 0.193359375
1 0.87890625 0.466796875 0.044921875 0.05859375
1 0.7392578125 0.453125 0.126953125 0.099609375
1 0.2958984375 0.7548828125 0.322265625 0.486328125
1 0.0712890625 0.5732421875 0.08984375 0.1015625
0 0.9453125 0.5830078125 0.109375 0.185546875
1 0.962890625 0.8759765625 0.07421875 0.216796875
