0 0.24609375 0.345703125 0.0380859375 0.0458984375
0 0.36328125 0.318359375 0.033203125 0.0361328125
0 0.462890625 0.3291015625 0.033203125 0.0380859375
0 0.546875 0.326171875 0.0361328125 0.0478515625
0 0.59375 0.3193359375 0.029296875 0.052734375
0 0.658203125 0.1396484375 0.1005859375 0.10546875
1 0.6259765625 0.2177734375 0.0361328125 0.228515625
1 0.796875 0.3056640625 0.208984375 0.216796875
1 0.4365234375 0.6240234375 0.248046875 0.189453125
1 0.7294921875 0.802734375 0.2431640625 0.39453125
