0 0.46875 0.0517578125 0.1171875 0.103515625
1 0.4169921875 0.2265625 0.189453125 0.25390625
1 0.978515625 0.189453125 0.04296875 0.25
0 0.201171875 0.7275390625 0.40234375 0.509765625
0 0.8095703125 0.4560546875 0.08203125 0.103515625
0 0.5263671875 0.5419921875 0.06640625 0.107421875
0 0.9599609375 0.6103515625 0.072265625 0.115234375
0 0.65625 0.576171875 0.072265625 0.09375
1 0.767578125 0.736328125 0.17578125 0.357421875
1 0.5166015625 0.701171875 0.130859375 0.251953125
1 0.439453125 0.6962890625 0.0390625 0.162109375
1 0.69921875 0.779296875 0.04296875 0.123046875
1 0.5810546875 0.7744140625 0.037109375 0.14453125
1 0.5537109375 0.77734375 0.044921875 0.109375
1 0.8046875 0.81640625 0.076171875 0.2109375
1 0.6591796875 0.8017578125 0.07421875 0.16796875
1 0.455078125 0.7734375 0.03125 0.087890625
1 0.6171875 0.798828125 0.142578125 0.29296875
1 0.89453125 0.8544921875 0.15625 0.291015625
1 0.8037109375 0.9326171875 0.080078125 0.134765625
