1 0.3037109375 0.298828125 0.607421875 0.59765625
0 0.173828125 0.609375 0.07421875 0.021484375
1 0.1982421875 0.759765625 0.1494140625 0.2548828125
1 0.416015625 0.71484375 0.1728515625 0.2333984375
0 0.7880859375 0.6318359375 0.0693359375 0.0673828125
0 0.8994140625 0.673828125 0.0625 0.0576171875
1 0.63671875 0.8818359375 0.0576171875 0.2353515625
1 0.802734375 0.83203125 0.0986328125 0.2744140625
1 0.9072265625 0.8740234375 0.1083984375 0.251953125
0 0.6259765625 0.6923828125 0.0361328125 0.0869140625
