0 0.2177734375 0.10546875 0.060546875 0.078125
0 0.1455078125 0.107421875 0.037109375 0.041015625
1 0.08984375 0.1083984375 0.05078125 0.0859375
1 0.12890625 0.138671875 0.044921875 0.044921875
0 0.447265625 0.2216796875 0.04296875 0.04296875
1 0.271484375 0.1884765625 0.041015625 0.078125
0 0.2509765625 0.1865234375 0.02734375 0.037109375
0 0.3095703125 0.203125 0.0390625 0.05859375
1 0.404296875 0.228515625 0.056640625 0.087890625
1 0.33203125 0.2333984375 0.041015625 0.05078125
1 0.1171875 0.19921875 0.056640625 0.111328125
1 0.29296875 0.2392578125 0.025390625 0.05078125
1 0.3193359375 0.248046875 0.078125 0.138671875
1 0.2353515625 0.2744140625 0.046875 0.109375
1 0.4091796875 0.3330078125 0.095703125 0.16796875
1 0.166015625 0.287109375 0.134765625 0.24609375
1 0.859375 0.1103515625 0.28125 0.142578125
1 0.267578125 0.6630859375 0.248046875 0.265625
0 0.318359375 0.47265625 0.15234375 0.091796875
