1 0.578125 0.265625 0.19921875 0.26171875
0 0.5625 0.0537109375 0.16796875 0.107421875
0 0.69140625 0.640625 0.0263671875 0.04296875
0 0.98046875 0.65625 0.0263671875 0.0478515625
0 0.8076171875 0.673828125 0.029296875 0.0458984375
0 0.87109375 0.7021484375 0.029296875 0.0478515625
0 0.9365234375 0.716796875 0.021484375 0.03125
1 0.9765625 0.7607421875 0.046875 0.126953125
0 0.6875 0.7705078125 0.0625 0.158203125
1 0.994140625 0.7744140625 0.01171875 0.091796875
1 0.8017578125 0.7763671875 0.0380859375 0.1298828125
1 0.8681640625 0.7861328125 0.0478515625 0.115234375
1 0.7763671875 0.7861328125 0.0263671875 0.0693359375
1 0.9326171875 0.802734375 0.04296875 0.115234375
1 0.951171875 0.802734375 0.01953125 0.072265625
1 0.89453125 0.810546875 0.0146484375 0.0478515625
1 0.908203125 0.8125 0.0146484375 0.0625
1 0.8447265625 0.814453125 0.01171875 0.052734375
