0 0.0654296875 0.205078125 0.078125 0.0859375
0 0.1865234375 0.177734375 0.04296875 0.04296875
0 0.240234375 0.21875 0.048828125 0.076171875
0 0.291015625 0.2373046875 0.0390625 0.037109375
0 0.3369140625 0.205078125 0.046875 0.046875
0 0.4150390625 0.283203125 0.080078125 0.08203125
0 0.513671875 0.2138671875 0.05859375 0.05859375
0 0.677734375 0.3271484375 0.0078125 0.03125
0 0.669921875 0.3115234375 0.01953125 0.025390625
0 0.5810546875 0.275390625 0.025390625 0.03125
0 0.58203125 0.298828125 0.01953125 0.021484375
1 0.0703125 0.439453125 0.140625 0.28125
1 0.23046875 0.314453125 0.091796875 0.162109375
1 0.46484375 0.4404296875 0.123046875 0.177734375
1 0.78125 0.0537109375 0.2890625 0.107421875
0 0.7509765625 0.5029296875 0.1015625 0.041015625
