0 0.1533203125 0.16015625 0.05078125 0.0703125
0 0.08203125 0.1748046875 0.033203125 0.037109375
1 0.0283203125 0.185546875 0.037109375 0.08203125
1 0.0712890625 0.208984375 0.0390625 0.0390625
0 0.3994140625 0.234375 0.037109375 0.037109375
1 0.220703125 0.2333984375 0.029296875 0.07421875
0 0.2001953125 0.234375 0.0234375 0.033203125
0 0.2607421875 0.240234375 0.03125 0.0546875
1 0.3583984375 0.25 0.04296875 0.083984375
1 0.2880859375 0.2666015625 0.033203125 0.046875
1 0.0703125 0.26953125 0.0390625 0.107421875
1 0.2509765625 0.279296875 0.017578125 0.048828125
1 0.2783203125 0.283203125 0.056640625 0.130859375
1 0.2001953125 0.3232421875 0.029296875 0.10546875
1 0.380859375 0.3515625 0.0703125 0.16015625
1 0.1337890625 0.3486328125 0.09765625 0.236328125
1 0.79296875 0.052734375 0.283203125 0.095703125
1 0.2998046875 0.701171875 0.212890625 0.236328125
0 0.31640625 0.50390625 0.14453125 0.0703125
