1 0.2880859375 0.3369140625 0.1103515625 0.0986328125
0 0.29296875 0.2490234375 0.0576171875 0.0263671875
0 0.5927734375 0.248046875 0.0380859375 0.0458984375
0 0.708984375 0.2197265625 0.033203125 0.0361328125
0 0.80859375 0.23046875 0.033203125 0.0380859375
0 0.892578125 0.2275390625 0.0361328125 0.0478515625
0 0.9521484375 0.220703125 0.052734375 0.052734375
0 0.046875 0.8447265625 0.09375 0.310546875
0 0.1708984375 0.8447265625 0.279296875 0.310546875
0 0.2939453125 0.8828125 0.169921875 0.234375
1 0.6455078125 0.9013671875 0.1181640625 0.13671875
0 0.650390625 0.76953125 0.1005859375 0.04296875
