0 0.0380859375 0.681640625 0.03125 0.041015625
0 0.12890625 0.6708984375 0.03125 0.03125
0 0.3193359375 0.4521484375 0.0361328125 0.052734375
0 0.306640625 0.69140625 0.03125 0.0380859375
0 0.3916015625 0.7119140625 0.021484375 0.04296875
0 0.556640625 0.458984375 0.0380859375 0.0478515625
0 0.625 0.642578125 0.04296875 0.04296875
0 0.931640625 0.2666015625 0.0380859375 0.0478515625
1 0.28515625 0.515625 0.0576171875 0.1005859375
1 0.365234375 0.7236328125 0.0478515625 0.1298828125
1 0.5361328125 0.546875 0.0673828125 0.1416015625
1 0.6083984375 0.7197265625 0.0478515625 0.1103515625
1 0.9521484375 0.3603515625 0.0693359375 0.1396484375
