1 0.0947265625 0.1357421875 0.1611328125 0.271484375
1 0.298828125 0.12890625 0.17578125 0.2568359375
1 0.4482421875 0.126953125 0.076171875 0.25390625
1 0.943359375 0.072265625 0.11328125 0.1201171875
0 0.22265625 0.5380859375 0.1083984375 0.0693359375
0 0.408203125 0.5615234375 0.10546875 0.060546875
1 0.173828125 0.69921875 0.19921875 0.2353515625
1 0.3857421875 0.71875 0.2041015625 0.1923828125
1 0.80859375 0.87109375 0.32421875 0.2568359375
0 0.78515625 0.509765625 0.1611328125 0.1201171875
