0 0.1708984375 0.1494140625 0.0625 0.091796875
0 0.4755859375 0.228515625 0.0478515625 0.0888671875
0 0.3173828125 0.2509765625 0.0478515625 0.072265625
0 0.53515625 0.259765625 0.0380859375 0.0625
0 0.3994140625 0.2666015625 0.033203125 0.052734375
0 0.6083984375 0.29296875 0.041015625 0.091796875
1 0.16015625 0.37890625 0.103515625 0.2880859375
0 0.7822265625 0.39453125 0.060546875 0.0625
1 0.5419921875 0.3994140625 0.0478515625 0.1875
1 0.396484375 0.40234375 0.0625 0.1923828125
1 0.4736328125 0.412109375 0.09375 0.2548828125
1 0.5986328125 0.4326171875 0.08203125 0.2353515625
1 0.31640625 0.453125 0.09375 0.2646484375
1 0.76953125 0.5830078125 0.1083984375 0.26953125
