1 0.0830078125 0.4443359375 0.166015625 0.181640625
1 0.2490234375 0.388671875 0.220703125 0.27734375
0 0.958984375 0.1923828125 0.0546875 0.09375
0 0.609375 0.271484375 0.052734375 0.12890625
0 0.765625 0.3203125 0.06640625 0.1015625
1 0.6181640625 0.3994140625 0.05859375 0.2109375
1 0.9375 0.3916015625 0.125 0.1953125
1 0.8779296875 0.4609375 0.046875 0.060546875
1 0.7392578125 0.44921875 0.126953125 0.1015625
1 0.2998046875 0.7568359375 0.330078125 0.486328125
1 0.0732421875 0.5810546875 0.091796875 0.103515625
0 0.9453125 0.57421875 0.109375 0.1875
1 0.96484375 0.8671875 0.0703125 0.21875
