1 0.0478515625 0.6337890625 0.095703125 0.3486328125
0 0.6787109375 0.5 0.07421875 0.08203125
0 0.8212890625 0.5869140625 0.0673828125 0.126953125
0 0.9755859375 0.640625 0.0478515625 0.0986328125
1 0.6416015625 0.755859375 0.1103515625 0.41796875
1 0.80078125 0.7705078125 0.115234375 0.32421875
1 0.57421875 0.806640625 0.0478515625 0.216796875
1 0.451171875 0.744140625 0.185546875 0.51171875
1 0.7021484375 0.8271484375 0.021484375 0.1396484375
1 0.734375 0.84765625 0.041015625 0.123046875
1 0.84765625 0.861328125 0.0263671875 0.115234375
1 0.908203125 0.880859375 0.060546875 0.177734375
1 0.9443359375 0.8603515625 0.1103515625 0.279296875
1 0.9912109375 0.884765625 0.0166015625 0.1875
