0 0.8291015625 0.015625 0.0673828125 0.03125
0 0.98046875 0.0361328125 0.0380859375 0.072265625
1 0.6513671875 0.14453125 0.1103515625 0.2880859375
1 0.80859375 0.14453125 0.11328125 0.2880859375
1 0.5830078125 0.18359375 0.0458984375 0.208984375
1 0.4599609375 0.14453125 0.185546875 0.2880859375
1 0.7119140625 0.208984375 0.021484375 0.1396484375
1 0.744140625 0.228515625 0.041015625 0.1201171875
1 0.85546875 0.236328125 0.0244140625 0.103515625
1 0.9169921875 0.23046875 0.060546875 0.115234375
1 0.94921875 0.1962890625 0.1005859375 0.185546875
1 0.6669921875 0.423828125 0.40625 0.271484375
