1 0.3056640625 0.2333984375 0.201171875 0.23828125
0 0.3291015625 0.0283203125 0.14453125 0.052734375
0 0.4482421875 0.2294921875 0.076171875 0.0859375
0 0.5166015625 0.3037109375 0.0625 0.076171875
0 0.6357421875 0.248046875 0.048828125 0.05859375
0 0.7880859375 0.26171875 0.041015625 0.052734375
0 0.841796875 0.27734375 0.037109375 0.046875
0 0.90625 0.296875 0.041015625 0.04296875
0 0.9814453125 0.2568359375 0.029296875 0.041015625
1 0.263671875 0.62890625 0.296875 0.177734375
1 0.5498046875 0.7490234375 0.28125 0.427734375
1 0.9091796875 0.7490234375 0.181640625 0.439453125
