0 0.2119140625 0.0166015625 0.029296875 0.033203125
0 0.0390625 0.0205078125 0.03125 0.041015625
0 0.2783203125 0.0390625 0.029296875 0.046875
0 0.1015625 0.0478515625 0.03125 0.048828125
0 0.1650390625 0.0654296875 0.0234375 0.033203125
1 0.208984375 0.1142578125 0.0625 0.12890625
1 0.2265625 0.1279296875 0.0234375 0.09375
1 0.033203125 0.119140625 0.033203125 0.130859375
1 0.0927734375 0.1328125 0.0546875 0.1171875
1 0.1572265625 0.15234375 0.048828125 0.1171875
1 0.1748046875 0.1533203125 0.0234375 0.072265625
1 0.26953125 0.158203125 0.06640625 0.158203125
1 0.1181640625 0.1572265625 0.017578125 0.048828125
1 0.1328125 0.1611328125 0.017578125 0.0625
1 0.0693359375 0.1591796875 0.013671875 0.05078125
1 0.236328125 0.203125 0.01953125 0.072265625
1 0.2939453125 0.208984375 0.02734375 0.064453125
1 0.9306640625 0.7041015625 0.125 0.134765625
