1 0.220703125 0.337890625 0.302734375 0.2568359375
0 0.2138671875 0.0888671875 0.1875 0.072265625
0 0.2333984375 0.2744140625 0.466796875 0.470703125
1 0.9072265625 0.2744140625 0.185546875 0.1728515625
0 0.9169921875 0.115234375 0.115234375 0.060546875
0 0.0556640625 0.64453125 0.103515625 0.185546875
1 0.599609375 0.529296875 0.041015625 0.0380859375
1 0.6181640625 0.517578125 0.01953125 0.0166015625
1 0.712890625 0.5380859375 0.060546875 0.0576171875
1 0.5625 0.5146484375 0.0146484375 0.009765625
1 0.5771484375 0.51953125 0.0146484375 0.01953125
1 0.5146484375 0.517578125 0.009765625 0.0166015625
1 0.681640625 0.541015625 0.0166015625 0.0625
1 0.740234375 0.5400390625 0.0244140625 0.060546875
