1 0.0654296875 0.8515625 0.091796875 0.23046875
1 0.2255859375 0.853515625 0.234375 0.19921875
1 0.4248046875 0.3125 0.12890625 0.146484375
0 0.0439453125 0.669921875 0.0703125 0.087890625
0 0.71875 0.3505859375 0.0546875 0.07421875
0 0.541015625 0.373046875 0.044921875 0.046875
0 0.6494140625 0.373046875 0.03515625 0.041015625
1 0.595703125 0.392578125 0.048828125 0.08203125
1 0.5087890625 0.4189453125 0.03515625 0.05859375
1 0.642578125 0.408203125 0.041015625 0.041015625
0 0.9716796875 0.3935546875 0.0390625 0.0390625
1 0.7939453125 0.4130859375 0.033203125 0.076171875
0 0.7744140625 0.41796875 0.0234375 0.03515625
0 0.8359375 0.4169921875 0.03515625 0.0546875
1 0.9326171875 0.4140625 0.048828125 0.087890625
1 0.865234375 0.4384765625 0.03515625 0.048828125
1 0.6494140625 0.4697265625 0.044921875 0.107421875
1 0.8291015625 0.4560546875 0.021484375 0.048828125
1 0.857421875 0.45703125 0.064453125 0.134765625
1 0.5517578125 0.48828125 0.08203125 0.154296875
1 0.78515625 0.5068359375 0.03515625 0.107421875
1 0.9638671875 0.509765625 0.072265625 0.1640625
1 0.7236328125 0.5478515625 0.109375 0.255859375
