1 0.537109375 0.0478515625 0.203125 0.095703125
0 0.9638671875 0.1259765625 0.0703125 0.064453125
1 0.626953125 0.18359375 0.1328125 0.328125
1 0.7568359375 0.2001953125 0.181640625 0.3125
1 0.65234375 0.2158203125 0.0546875 0.140625
1 0.9912109375 0.32421875 0.017578125 0.16796875
1 0.6787109375 0.2431640625 0.0703125 0.12890625
1 0.78515625 0.28515625 0.052734375 0.1171875
1 0.83984375 0.318359375 0.1015625 0.1875
1 0.880859375 0.3310546875 0.197265625 0.341796875
1 0.9384765625 0.34765625 0.099609375 0.1953125
1 0.2734375 0.4892578125 0.30859375 0.21484375
