0 0.1357421875 0.4228515625 0.04296875 0.052734375
0 0.3662109375 0.38671875 0.04296875 0.060546875
0 0.50390625 0.36328125 0.05078125 0.0625
0 0.72265625 0.41015625 0.072265625 0.0673828125
0 0.962890625 0.4208984375 0.0693359375 0.083984375
1 0.146484375 0.5478515625 0.095703125 0.158203125
1 0.3759765625 0.529296875 0.1103515625 0.185546875
1 0.5166015625 0.53125 0.1103515625 0.2041015625
1 0.697265625 0.5927734375 0.095703125 0.2255859375
1 0.9052734375 0.5712890625 0.1396484375 0.2353515625
