1 0.341796875 0.2353515625 0.3173828125 0.345703125
1 0.0537109375 0.1767578125 0.08203125 0.134765625
1 0.1318359375 0.1630859375 0.0556640625 0.1103515625
0 0.0478515625 0.068359375 0.0361328125 0.0380859375
0 0.1181640625 0.08984375 0.021484375 0.03125
1 0.0166015625 0.55078125 0.033203125 0.134765625
1 0.0732421875 0.4462890625 0.146484375 0.07421875
1 0.373046875 0.470703125 0.1298828125 0.125
0 0.5205078125 0.46875 0.041015625 0.1201171875
0 0.71484375 0.50390625 0.091796875 0.095703125
0 0.9228515625 0.5986328125 0.10546875 0.115234375
0 0.986328125 0.6884765625 0.0263671875 0.103515625
1 0.5166015625 0.7939453125 0.037109375 0.412109375
1 0.5537109375 0.8193359375 0.0986328125 0.3173828125
1 0.734375 0.740234375 0.17578125 0.2978515625
1 0.91015625 0.8505859375 0.1611328125 0.2978515625
