1 0.310546875 0.23046875 0.197265625 0.2353515625
0 0.3369140625 0.025390625 0.14453125 0.05078125
0 0.453125 0.228515625 0.07421875 0.083984375
0 0.5205078125 0.3037109375 0.060546875 0.07421875
0 0.6396484375 0.25 0.0478515625 0.0576171875
0 0.7919921875 0.2666015625 0.041015625 0.052734375
0 0.845703125 0.283203125 0.0361328125 0.0458984375
0 0.91015625 0.3037109375 0.041015625 0.04296875
0 0.9853515625 0.265625 0.029296875 0.041015625
1 0.26171875 0.625 0.29296875 0.1728515625
1 0.5458984375 0.75 0.2744140625 0.4228515625
1 0.908203125 0.755859375 0.1826171875 0.435546875
