1 0.1259765625 0.1787109375 0.15625 0.283203125
1 0.7998046875 0.2607421875 0.3671875 0.458984375
1 0.939453125 0.30078125 0.12109375 0.42578125
0 0.0517578125 0.3603515625 0.0546875 0.068359375
0 0.1884765625 0.369140625 0.0625 0.064453125
0 0.3955078125 0.45703125 0.083984375 0.080078125
1 0.0517578125 0.5009765625 0.103515625 0.201171875
1 0.1689453125 0.5322265625 0.150390625 0.22265625
1 0.3330078125 0.6298828125 0.138671875 0.240234375
1 0.5185546875 0.646484375 0.14453125 0.25
1 0.89453125 0.6015625 0.189453125 0.244140625
