0 0.73046875 0.375 0.04296875 0.0458984375
0 0.2548828125 0.384765625 0.041015625 0.0361328125
0 0.369140625 0.396484375 0.0244140625 0.0380859375
0 0.5634765625 0.3994140625 0.0244140625 0.04296875
1 0.4482421875 0.404296875 0.1005859375 0.3583984375
1 0.6396484375 0.4794921875 0.10546875 0.283203125
1 0.3740234375 0.5009765625 0.052734375 0.154296875
1 0.5634765625 0.501953125 0.0263671875 0.134765625
1 0.25 0.513671875 0.0576171875 0.158203125
1 0.376953125 0.5302734375 0.03125 0.0986328125
1 0.2568359375 0.537109375 0.0380859375 0.095703125
