1 0.849609375 0.3798828125 0.30078125 0.240234375
0 0.8935546875 0.17578125 0.212890625 0.126953125
0 0.419921875 0.490234375 0.033203125 0.0703125
0 0.078125 0.4228515625 0.0625 0.091796875
0 0.1787109375 0.4892578125 0.0546875 0.087890625
0 0.2841796875 0.544921875 0.048828125 0.060546875
1 0.05078125 0.5810546875 0.1015625 0.251953125
1 0.1435546875 0.62109375 0.125 0.203125
1 0.35546875 0.6748046875 0.107421875 0.24609375
1 0.236328125 0.716796875 0.142578125 0.23046875
1 0.8837890625 0.5693359375 0.232421875 0.212890625
