0 0.4326171875 0.525390625 0.06640625 0.048828125
1 0.544921875 0.53125 0.041015625 0.0390625
1 0.6123046875 0.5390625 0.05078125 0.04296875
1 0.5205078125 0.5185546875 0.02734375 0.017578125
1 0.6748046875 0.552734375 0.044921875 0.05859375
1 0.6943359375 0.5439453125 0.021484375 0.03515625
1 0.787109375 0.572265625 0.06640625 0.080078125
1 0.638671875 0.53515625 0.017578125 0.02734375
1 0.6533203125 0.541015625 0.017578125 0.037109375
1 0.58984375 0.5341796875 0.013671875 0.033203125
1 0.755859375 0.576171875 0.0234375 0.07421875
1 0.8134765625 0.583984375 0.029296875 0.06640625
