1 0.2763671875 0.087890625 0.2646484375 0.17578125
1 0.7490234375 0.357421875 0.2646484375 0.2431640625
0 0.7548828125 0.134765625 0.1611328125 0.0791015625
0 0.369140625 0.7392578125 0.0673828125 0.07421875
0 0.22265625 0.837890625 0.0380859375 0.07421875
0 0.3271484375 0.8544921875 0.0263671875 0.052734375
0 0.4677734375 0.86328125 0.0361328125 0.03125
1 0.470703125 0.9501953125 0.0625 0.099609375
1 0.224609375 0.9375 0.083984375 0.125
1 0.35546875 0.9326171875 0.1494140625 0.134765625
1 0.8798828125 0.748046875 0.240234375 0.3369140625
