1 0.162109375 0.134765625 0.0986328125 0.1943359375
1 0.263671875 0.111328125 0.083984375 0.1630859375
1 0.349609375 0.1201171875 0.060546875 0.1728515625
0 0.5634765625 0.04296875 0.064453125 0.0673828125
0 0.689453125 0.09375 0.0625 0.0576171875
0 0.4130859375 0.037109375 0.04296875 0.0556640625
1 0.4208984375 0.173828125 0.08203125 0.1611328125
1 0.583984375 0.1943359375 0.103515625 0.2236328125
1 0.70703125 0.2392578125 0.091796875 0.20703125
1 0.02734375 0.845703125 0.0546875 0.25
0 0.025390625 0.62109375 0.05078125 0.123046875
1 0.486328125 0.69921875 0.2138671875 0.5625
1 0.7333984375 0.5732421875 0.1630859375 0.310546875
1 0.9423828125 0.59765625 0.115234375 0.3583984375
