0 0.146484375 0.197265625 0.10546875 0.115234375
0 0.2255859375 0.2880859375 0.0556640625 0.10546875
0 0.287109375 0.2744140625 0.0673828125 0.08203125
0 0.38671875 0.2744140625 0.04296875 0.1298828125
1 0.0224609375 0.3369140625 0.044921875 0.294921875
1 0.134765625 0.462890625 0.1611328125 0.322265625
1 0.3701171875 0.5517578125 0.0771484375 0.314453125
0 0.548828125 0.1416015625 0.1943359375 0.283203125
1 0.13671875 0.8134765625 0.2734375 0.208984375
1 0.7412109375 0.93359375 0.36328125 0.1318359375
