0 0.8935546875 0.06640625 0.0703125 0.041015625
1 0.69921875 0.1689453125 0.1484375 0.30078125
1 0.85546875 0.19140625 0.15234375 0.30078125
1 0.6259765625 0.1982421875 0.07421875 0.212890625
1 0.5087890625 0.1484375 0.224609375 0.296875
1 0.75 0.2412109375 0.041015625 0.140625
1 0.779296875 0.2646484375 0.056640625 0.125
1 0.888671875 0.2880859375 0.0390625 0.10546875
1 0.9501953125 0.291015625 0.076171875 0.123046875
1 0.9619140625 0.2607421875 0.076171875 0.197265625
1 0.67578125 0.4482421875 0.439453125 0.326171875
