1 0.126953125 0.3291015625 0.25390625 0.658203125
1 0.4931640625 0.3291015625 0.154296875 0.658203125
1 0.6787109375 0.3740234375 0.2119140625 0.51171875
1 0.25 0.9296875 0.1796875 0.140625
0 0.751953125 0.68359375 0.0673828125 0.05078125
0 0.9150390625 0.7041015625 0.060546875 0.091796875
1 0.599609375 0.8291015625 0.060546875 0.341796875
1 0.7333984375 0.830078125 0.115234375 0.32421875
1 0.634765625 0.88671875 0.021484375 0.1396484375
1 0.6669921875 0.9072265625 0.041015625 0.123046875
1 0.7802734375 0.921875 0.0263671875 0.115234375
1 0.8388671875 0.9248046875 0.060546875 0.150390625
1 0.8837890625 0.890625 0.123046875 0.21875
1 0.9423828125 0.9248046875 0.056640625 0.150390625
