1 0.09765625 0.181640625 0.1943359375 0.36328125
1 0.5947265625 0.07421875 0.09375 0.1201171875
0 0.0205078125 0.626953125 0.041015625 0.10546875
0 0.2509765625 0.6416015625 0.1005859375 0.0888671875
0 0.4599609375 0.6494140625 0.1005859375 0.091796875
1 0.0576171875 0.83203125 0.115234375 0.322265625
1 0.2666015625 0.83203125 0.1630859375 0.3173828125
1 0.46484375 0.8349609375 0.166015625 0.28125
1 0.9599609375 0.6943359375 0.0791015625 0.2744140625
0 0.970703125 0.453125 0.0576171875 0.07421875
