1 0.3056640625 0.23046875 0.15234375 0.291015625
0 0.2353515625 0.8994140625 0.07421875 0.109375
0 0.22265625 0.8125 0.046875 0.0625
0 0.2724609375 0.6806640625 0.01953125 0.029296875
0 0.26953125 0.5791015625 0.01953125 0.0234375
1 0.134765625 0.77734375 0.0546875 0.099609375
1 0.189453125 0.7197265625 0.0390625 0.076171875
0 0.5341796875 0.59375 0.23828125 0.275390625
0 0.8603515625 0.4345703125 0.26953125 0.306640625
1 0.626953125 0.9169921875 0.3046875 0.166015625
1 0.8896484375 0.83203125 0.220703125 0.23828125
