1 0.234375 0.1669921875 0.26953125 0.2421875
1 0.5234375 0.0517578125 0.15625 0.103515625
1 0.6943359375 0.0244140625 0.134765625 0.048828125
1 0.4248046875 0.025390625 0.08203125 0.046875
1 0.58984375 0.0205078125 0.046875 0.041015625
1 0.75390625 0.01953125 0.0390625 0.0390625
1 0.6318359375 0.03515625 0.041015625 0.0703125
1 0.8076171875 0.037109375 0.056640625 0.07421875
1 0.8759765625 0.07421875 0.154296875 0.1484375
1 0.91796875 0.0380859375 0.0625 0.076171875
1 0.33984375 0.546875 0.19140625 0.23828125
1 0.771484375 0.7763671875 0.45703125 0.431640625
0 0.7099609375 0.462890625 0.353515625 0.1796875
