0 0.1201171875 0.205078125 0.076171875 0.099609375
0 0.43359375 0.2353515625 0.060546875 0.095703125
0 0.2802734375 0.2822265625 0.05859375 0.078125
0 0.4970703125 0.2568359375 0.046875 0.068359375
0 0.3642578125 0.28515625 0.041015625 0.056640625
0 0.57421875 0.2783203125 0.0546875 0.09765625
1 0.1455078125 0.43359375 0.146484375 0.30078125
0 0.7626953125 0.3515625 0.0703125 0.0703125
1 0.525390625 0.39453125 0.076171875 0.193359375
1 0.3828125 0.419921875 0.091796875 0.19921875
1 0.4599609375 0.4169921875 0.1328125 0.265625
1 0.5869140625 0.41796875 0.1171875 0.24609375
1 0.3115234375 0.482421875 0.134765625 0.275390625
1 0.779296875 0.5400390625 0.1484375 0.283203125
