0 0.041015625 0.2255859375 0.0791015625 0.08203125
0 0.2705078125 0.28125 0.0361328125 0.0576171875
0 0.5087890625 0.31640625 0.060546875 0.0556640625
0 0.0048828125 0.3369140625 0.009765625 0.0380859375
0 0.1416015625 0.357421875 0.029296875 0.04296875
1 0.267578125 0.4306640625 0.07421875 0.1943359375
1 0.1416015625 0.4833984375 0.060546875 0.15625
1 0.4912109375 0.5087890625 0.09375 0.21875
1 0.046875 0.4853515625 0.09375 0.2646484375
1 0.8759765625 0.0771484375 0.248046875 0.154296875
0 0.216796875 0.8076171875 0.3701171875 0.3798828125
