1 0.349609375 0.1142578125 0.28125 0.228515625
1 0.6630859375 0.07421875 0.16015625 0.126953125
1 0.837890625 0.091796875 0.138671875 0.091796875
1 0.57421875 0.025390625 0.08203125 0.05078125
1 0.7373046875 0.064453125 0.05078125 0.060546875
1 0.896484375 0.1044921875 0.044921875 0.076171875
1 0.771484375 0.0888671875 0.046875 0.09375
1 0.943359375 0.134765625 0.064453125 0.119140625
1 0.95703125 0.18359375 0.0859375 0.2109375
1 0.3330078125 0.4951171875 0.205078125 0.24609375
1 0.6953125 0.8125 0.52734375 0.375
0 0.7109375 0.529296875 0.359375 0.201171875
