1 0.1318359375 0.091796875 0.1201171875 0.1083984375
0 0.126953125 0.005859375 0.0771484375 0.01171875
1 0.9345703125 0.1484375 0.130859375 0.296875
1 0.5 0.080078125 0.04296875 0.16015625
1 0.76171875 0.1494140625 0.302734375 0.2978515625
1 0.54296875 0.1201171875 0.1298828125 0.240234375
1 0.607421875 0.1494140625 0.17578125 0.2978515625
1 0.4052734375 0.5625 0.146484375 0.23046875
0 0.416015625 0.35546875 0.125 0.0673828125
0 0.7333984375 0.60546875 0.1083984375 0.10546875
1 0.638671875 0.685546875 0.16796875 0.23046875
1 0.8740234375 0.771484375 0.208984375 0.21875
