0 0.158203125 0.0390625 0.13671875 0.078125
0 0.37109375 0.091796875 0.111328125 0.11328125
0 0.5517578125 0.23046875 0.12890625 0.13671875
0 0.6083984375 0.337890625 0.078125 0.115234375
0 0.671875 0.3369140625 0.083984375 0.095703125
0 0.802734375 0.3681640625 0.140625 0.154296875
0 0.8818359375 0.4189453125 0.083984375 0.095703125
1 0.08984375 0.369140625 0.1796875 0.515625
1 0.142578125 0.36328125 0.16796875 0.33203125
1 0.3369140625 0.3271484375 0.23828125 0.328125
1 0.4814453125 0.486328125 0.23046875 0.349609375
1 0.736328125 0.6953125 0.28515625 0.4609375
1 0.8974609375 0.80859375 0.169921875 0.3828125
