1 0.0693359375 0.1640625 0.138671875 0.21484375
0 0.1142578125 0.2646484375 0.228515625 0.529296875
1 0.7822265625 0.2861328125 0.072265625 0.0791015625
1 0.966796875 0.2880859375 0.052734375 0.0869140625
1 0.5830078125 0.32421875 0.0380859375 0.0673828125
1 0.6728515625 0.302734375 0.0458984375 0.0869140625
1 0.439453125 0.341796875 0.04296875 0.1005859375
1 0.931640625 0.283203125 0.0791015625 0.09375
1 0.0625 0.876953125 0.125 0.16796875
0 0.046875 0.7177734375 0.09375 0.0458984375
1 0.9326171875 0.7138671875 0.134765625 0.3701171875
