0 0.1103515625 0.095703125 0.037109375 0.033203125
0 0.0185546875 0.1416015625 0.02734375 0.041015625
1 0.0703125 0.15625 0.0703125 0.125
1 0.0966796875 0.177734375 0.0390625 0.08203125
1 0.1376953125 0.1884765625 0.08203125 0.154296875
1 0.0537109375 0.21484375 0.01953125 0.0625
1 0.0166015625 0.224609375 0.033203125 0.0703125
1 0.0400390625 0.2216796875 0.0703125 0.123046875
1 0.0078125 0.2421875 0.015625 0.05859375
1 0.0712890625 0.1630859375 0.08203125 0.138671875
1 0.1728515625 0.2236328125 0.033203125 0.0546875
1 0.1220703125 0.2392578125 0.021484375 0.060546875
1 0.0078125 0.2177734375 0.015625 0.119140625
1 0.0361328125 0.224609375 0.072265625 0.12109375
1 0.1416015625 0.1884765625 0.091796875 0.158203125
0 0.6650390625 0.0205078125 0.177734375 0.041015625
1 0.4482421875 0.802734375 0.263671875 0.39453125
1 0.826171875 0.6015625 0.333984375 0.2265625
