1 0.0986328125 0.1005859375 0.197265625 0.201171875
1 0.73046875 0.4599609375 0.2255859375 0.396484375
1 0.9541015625 0.4892578125 0.091796875 0.3388671875
1 0.142578125 0.826171875 0.1298828125 0.197265625
1 0.3896484375 0.783203125 0.0888671875 0.197265625
1 0.4833984375 0.7451171875 0.033203125 0.16796875
1 0.228515625 0.6728515625 0.0576171875 0.029296875
1 0.3349609375 0.671875 0.05078125 0.0263671875
1 0.7861328125 0.927734375 0.279296875 0.14453125
0 0.7880859375 0.7451171875 0.1826171875 0.0791015625
