0 0.1708984375 0.1513671875 0.25 0.259765625
1 0.5302734375 0.171875 0.076171875 0.22265625
0 0.2509765625 0.630859375 0.501953125 0.5078125
1 0.310546875 0.8837890625 0.55859375 0.232421875
0 0.642578125 0.455078125 0.1171875 0.125
0 0.73046875 0.5390625 0.06640625 0.111328125
0 0.791015625 0.517578125 0.076171875 0.087890625
0 0.9248046875 0.5048828125 0.126953125 0.142578125
0 0.98828125 0.5263671875 0.0234375 0.083984375
1 0.6591796875 0.720703125 0.193359375 0.337890625
1 0.923828125 0.7890625 0.15234375 0.34765625
