1 0.677734375 0.0068359375 0.015625 0.013671875
1 0.0361328125 0.8125 0.072265625 0.2255859375
1 0.1962890625 0.828125 0.21875 0.1806640625
1 0.44140625 0.306640625 0.1181640625 0.13671875
0 0.03125 0.6298828125 0.0625 0.08203125
0 0.73046875 0.3701171875 0.0478515625 0.0693359375
0 0.5517578125 0.376953125 0.041015625 0.04296875
0 0.66015625 0.38671875 0.03125 0.0380859375
1 0.6044921875 0.4013671875 0.04296875 0.0791015625
1 0.515625 0.419921875 0.03125 0.0556640625
1 0.650390625 0.4208984375 0.0380859375 0.0380859375
0 0.9794921875 0.435546875 0.0361328125 0.0361328125
1 0.80078125 0.439453125 0.0263671875 0.07421875
0 0.7802734375 0.4423828125 0.021484375 0.033203125
0 0.841796875 0.4462890625 0.03125 0.052734375
1 0.9384765625 0.4521484375 0.041015625 0.083984375
1 0.869140625 0.470703125 0.03125 0.0458984375
1 0.6513671875 0.482421875 0.0361328125 0.10546875
1 0.83203125 0.4853515625 0.0166015625 0.0478515625
1 0.859375 0.48828125 0.052734375 0.1298828125
1 0.552734375 0.4931640625 0.0693359375 0.1494140625
1 0.783203125 0.53125 0.0263671875 0.10546875
1 0.9658203125 0.5517578125 0.068359375 0.158203125
1 0.71875 0.5673828125 0.0888671875 0.25
