0 0.74609375 0.408203125 0.048828125 0.05078125
0 0.2734375 0.3515625 0.044921875 0.041015625
0 0.384765625 0.37890625 0.029296875 0.041015625
0 0.5771484375 0.4091796875 0.029296875 0.046875
1 0.4619140625 0.3984375 0.150390625 0.369140625
1 0.6416015625 0.4990234375 0.14453125 0.294921875
1 0.375 0.4833984375 0.07421875 0.16015625
1 0.5625 0.5107421875 0.044921875 0.13671875
1 0.2509765625 0.478515625 0.078125 0.1640625
1 0.3740234375 0.5126953125 0.044921875 0.1015625
1 0.25390625 0.5029296875 0.05078125 0.099609375
