1 0.048828125 0.6103515625 0.09765625 0.353515625
0 0.6787109375 0.509765625 0.078125 0.0859375
0 0.81640625 0.603515625 0.07421875 0.130859375
0 0.9677734375 0.6650390625 0.052734375 0.1015625
1 0.6279296875 0.7626953125 0.1328125 0.423828125
1 0.7861328125 0.7861328125 0.1328125 0.330078125
1 0.5576171875 0.810546875 0.05859375 0.21875
1 0.4384765625 0.740234375 0.212890625 0.51953125
1 0.6845703125 0.8369140625 0.029296875 0.140625
1 0.7158203125 0.859375 0.046875 0.125
1 0.828125 0.87890625 0.033203125 0.1171875
1 0.8876953125 0.9013671875 0.0703125 0.1796875
1 0.923828125 0.8701171875 0.125 0.259765625
1 0.970703125 0.908203125 0.02734375 0.18359375
