1 0.8427734375 0.1015625 0.220703125 0.203125
1 0.275390625 0.41015625 0.3359375 0.296875
0 0.6845703125 0.2919921875 0.087890625 0.1484375
0 0.87109375 0.3193359375 0.080078125 0.130859375
1 0.5751953125 0.4794921875 0.099609375 0.3984375
1 0.7001953125 0.4912109375 0.16796875 0.287109375
1 0.6025390625 0.5400390625 0.068359375 0.185546875
1 0.984375 0.5009765625 0.03125 0.150390625
1 0.771484375 0.5537109375 0.052734375 0.134765625
1 0.6474609375 0.576171875 0.056640625 0.1640625
1 0.8251953125 0.568359375 0.0703125 0.177734375
1 0.8876953125 0.55859375 0.181640625 0.341796875
1 0.9365234375 0.55078125 0.083984375 0.208984375
