1 0.3134765625 0.083984375 0.279296875 0.16796875
1 0.7607421875 0.3798828125 0.28515625 0.265625
0 0.7861328125 0.158203125 0.16796875 0.09375
0 0.3486328125 0.7265625 0.07421875 0.080078125
0 0.1943359375 0.8125 0.044921875 0.078125
0 0.296875 0.837890625 0.03125 0.0546875
0 0.4365234375 0.859375 0.0390625 0.03515625
1 0.431640625 0.9462890625 0.0703125 0.10546875
1 0.1875 0.912109375 0.09375 0.1328125
1 0.318359375 0.91796875 0.16015625 0.146484375
1 0.8564453125 0.7802734375 0.26953125 0.357421875
