0 0.48828125 0.30078125 0.0771484375 0.08203125
0 0.7177734375 0.35546875 0.033203125 0.0576171875
0 0.95703125 0.3916015625 0.060546875 0.0576171875
0 0.341796875 0.39453125 0.04296875 0.0693359375
0 0.447265625 0.4111328125 0.021484375 0.0380859375
0 0.5888671875 0.431640625 0.029296875 0.04296875
1 0.71484375 0.5048828125 0.07421875 0.1943359375
1 0.345703125 0.5537109375 0.0791015625 0.2255859375
1 0.5888671875 0.5576171875 0.060546875 0.15625
1 0.9443359375 0.6259765625 0.10546875 0.30078125
1 0.4697265625 0.62890625 0.14453125 0.3994140625
