1 0.287109375 0.2744140625 0.2666015625 0.2568359375
0 0.318359375 0.03515625 0.2138671875 0.0693359375
0 0.66015625 0.0673828125 0.1513671875 0.134765625
0 0.861328125 0.0986328125 0.1181640625 0.15625
0 0.943359375 0.0732421875 0.11328125 0.146484375
1 0.59765625 0.31640625 0.21875 0.185546875
1 0.8798828125 0.345703125 0.197265625 0.125
0 0.2587890625 0.4541015625 0.095703125 0.052734375
1 0.2646484375 0.6337890625 0.1630859375 0.19921875
1 0.6474609375 0.701171875 0.26171875 0.2568359375
0 0.634765625 0.462890625 0.2138671875 0.07421875
