0 0.4443359375 0.0634765625 0.052734375 0.0703125
0 0.4482421875 0.2763671875 0.123046875 0.126953125
0 0.4912109375 0.2119140625 0.087890625 0.0859375
0 0.609375 0.25 0.08203125 0.09375
0 0.6669921875 0.345703125 0.095703125 0.109375
0 0.7763671875 0.2373046875 0.080078125 0.087890625
0 0.8447265625 0.1708984375 0.08203125 0.076171875
0 0.890625 0.263671875 0.087890625 0.095703125
0 0.9853515625 0.2587890625 0.029296875 0.076171875
0 0.8974609375 0.4208984375 0.11328125 0.123046875
1 0.3740234375 0.4794921875 0.1875 0.2578125
1 0.5517578125 0.4345703125 0.189453125 0.28515625
1 0.6162109375 0.5439453125 0.193359375 0.267578125
1 0.7373046875 0.423828125 0.181640625 0.2734375
1 0.84375 0.62109375 0.208984375 0.25
1 0.841796875 0.4404296875 0.13671875 0.23828125
1 0.03515625 0.537109375 0.0703125 0.1015625
1 0.5693359375 0.787109375 0.751953125 0.42578125
