0 0.1279296875 0.3642578125 0.185546875 0.166015625
0 0.287109375 0.279296875 0.162109375 0.150390625
0 0.4560546875 0.0380859375 0.025390625 0.029296875
0 0.5107421875 0.0419921875 0.0234375 0.02734375
0 0.5927734375 0.052734375 0.033203125 0.05078125
0 0.64453125 0.060546875 0.033203125 0.041015625
0 0.8046875 0.0068359375 0.03125 0.013671875
0 0.880859375 0.076171875 0.041015625 0.048828125
0 0.755859375 0.2138671875 0.03515625 0.029296875
1 0.451171875 0.083984375 0.03515625 0.06640625
1 0.5087890625 0.1005859375 0.0390625 0.08203125
0 0.4697265625 0.1435546875 0.033203125 0.05078125
0 0.2158203125 0.7529296875 0.369140625 0.216796875
1 0.76953125 0.796875 0.31640625 0.3046875
0 0.7314453125 0.564453125 0.17578125 0.107421875
