0 0.1025390625 0.0517578125 0.056640625 0.103515625
1 0.24609375 0.2373046875 0.208984375 0.388671875
1 0.1533203125 0.2578125 0.0859375 0.158203125
1 0.29296875 0.314453125 0.09375 0.21484375
1 0.0595703125 0.2744140625 0.111328125 0.326171875
1 0.06640625 0.2783203125 0.09375 0.2109375
1 0.736328125 0.458984375 0.474609375 0.451171875
1 0.4619140625 0.3798828125 0.154296875 0.265625
0 0.51953125 0.1884765625 0.09375 0.103515625
1 0.666015625 0.9345703125 0.28515625 0.130859375
0 0.71875 0.791015625 0.20703125 0.123046875
