0 0.4365234375 0.064453125 0.05078125 0.0703125
0 0.4443359375 0.27734375 0.12109375 0.125
0 0.486328125 0.2119140625 0.087890625 0.0859375
0 0.6044921875 0.248046875 0.080078125 0.091796875
0 0.6640625 0.3427734375 0.09375 0.109375
0 0.771484375 0.232421875 0.080078125 0.087890625
0 0.83984375 0.1650390625 0.080078125 0.076171875
0 0.88671875 0.2568359375 0.087890625 0.09375
0 0.982421875 0.25 0.03515625 0.07421875
0 0.896484375 0.4140625 0.11328125 0.123046875
1 0.3740234375 0.4814453125 0.185546875 0.255859375
1 0.55078125 0.43359375 0.1875 0.28515625
1 0.6171875 0.5419921875 0.189453125 0.265625
1 0.736328125 0.419921875 0.1796875 0.271484375
1 0.845703125 0.615234375 0.205078125 0.25
1 0.8408203125 0.4345703125 0.1328125 0.23828125
1 0.0361328125 0.5458984375 0.072265625 0.099609375
1 0.5751953125 0.7890625 0.748046875 0.421875
