1 0.0283203125 0.0703125 0.056640625 0.12890625
1 0.2373046875 0.0654296875 0.11328125 0.12109375
1 0.3779296875 0.068359375 0.111328125 0.1328125
1 0.537109375 0.1015625 0.0546875 0.203125
1 0.7783203125 0.228515625 0.439453125 0.45703125
0 0.2236328125 0.6650390625 0.02734375 0.033203125
0 0.0634765625 0.697265625 0.021484375 0.048828125
0 0.283203125 0.701171875 0.03125 0.04296875
0 0.119140625 0.7216796875 0.02734375 0.04296875
0 0.1806640625 0.734375 0.01953125 0.0390625
1 0.228515625 0.759765625 0.044921875 0.119140625
1 0.060546875 0.7900390625 0.05078125 0.13671875
1 0.2490234375 0.787109375 0.021484375 0.080078125
1 0.123046875 0.79296875 0.052734375 0.119140625
1 0.0341796875 0.80859375 0.0234375 0.080078125
1 0.2861328125 0.806640625 0.05078125 0.146484375
1 0.19921875 0.8125 0.0078125 0.0625
1 0.1611328125 0.814453125 0.021484375 0.068359375
1 0.1845703125 0.8173828125 0.044921875 0.115234375
1 0.0986328125 0.826171875 0.015625 0.048828125
1 0.14453125 0.828125 0.015625 0.05859375
1 0.228515625 0.7666015625 0.052734375 0.130859375
1 0.3125 0.84765625 0.01953125 0.052734375
1 0.259765625 0.8515625 0.0078125 0.060546875
1 0.056640625 0.80078125 0.064453125 0.146484375
1 0.123046875 0.7998046875 0.052734375 0.111328125
1 0.1796875 0.8193359375 0.05078125 0.11328125
1 0.2900390625 0.8076171875 0.060546875 0.150390625
1 0.767578125 0.5126953125 0.220703125 0.12109375
