0 0.21484375 0.25390625 0.119140625 0.166015625
0 0.361328125 0.1962890625 0.103515625 0.134765625
0 0.4365234375 0.2080078125 0.068359375 0.076171875
0 0.4833984375 0.1416015625 0.08203125 0.1015625
0 0.6142578125 0.1767578125 0.068359375 0.076171875
0 0.7392578125 0.2197265625 0.0546875 0.056640625
1 0.123046875 0.4609375 0.24609375 0.40234375
1 0.46875 0.3505859375 0.19921875 0.306640625
1 0.5400390625 0.28125 0.15234375 0.22265625
1 0.671875 0.3125 0.140625 0.2109375
1 0.7705078125 0.31640625 0.095703125 0.14453125
