1 0.2587890625 0.3291015625 0.333984375 0.341796875
0 0.5625 0.2021484375 0.029296875 0.0380859375
0 0.6455078125 0.1982421875 0.0361328125 0.0478515625
0 0.7041015625 0.1923828125 0.052734375 0.052734375
1 0.4775390625 0.75 0.1416015625 0.5
1 0.01171875 0.7333984375 0.0234375 0.341796875
1 0.28125 0.75 0.3125 0.5
1 0.078125 0.7548828125 0.1494140625 0.490234375
1 0.142578125 0.76171875 0.1708984375 0.4755859375
1 0.9384765625 0.7734375 0.119140625 0.453125
0 0.91796875 0.8037109375 0.1630859375 0.1513671875
