0 0.0185546875 0.19140625 0.037109375 0.0390625
0 0.1298828125 0.1962890625 0.029296875 0.0390625
0 0.3251953125 0.1845703125 0.029296875 0.044921875
1 0.208984375 0.197265625 0.125 0.361328125
1 0.40625 0.259765625 0.125 0.287109375
1 0.142578125 0.2998046875 0.0625 0.158203125
1 0.33203125 0.287109375 0.03515625 0.13671875
1 0.0263671875 0.3203125 0.052734375 0.16015625
1 0.1484375 0.328125 0.037109375 0.099609375
1 0.029296875 0.34375 0.044921875 0.095703125
1 0.556640625 0.388671875 0.09375 0.17578125
1 0.52734375 0.4150390625 0.076171875 0.126953125
1 0.8349609375 0.3056640625 0.3203125 0.318359375
1 0.6220703125 0.373046875 0.169921875 0.203125
1 0.6884765625 0.3720703125 0.1953125 0.197265625
1 0.1591796875 0.564453125 0.294921875 0.142578125
