0 0.259765625 0.271484375 0.13671875 0.169921875
0 0.3984375 0.162109375 0.095703125 0.08984375
0 0.482421875 0.1279296875 0.064453125 0.17578125
1 0.2314453125 0.4482421875 0.236328125 0.326171875
1 0.48046875 0.37890625 0.185546875 0.33203125
1 0.8330078125 0.173828125 0.23828125 0.189453125
1 0.609375 0.2197265625 0.240234375 0.34765625
0 0.8564453125 0.4736328125 0.060546875 0.060546875
1 0.4287109375 0.8974609375 0.302734375 0.205078125
0 0.3955078125 0.6904296875 0.240234375 0.13671875
1 0.6904296875 0.7783203125 0.197265625 0.3984375
1 0.8798828125 0.7470703125 0.240234375 0.396484375
