0 0.3134765625 0.1416015625 0.16015625 0.232421875
0 0.37109375 0.0419921875 0.060546875 0.05859375
0 0.3740234375 0.08984375 0.048828125 0.07421875
0 0.396484375 0.16796875 0.0546875 0.0859375
0 0.5029296875 0.169921875 0.12109375 0.125
0 0.505859375 0.0927734375 0.087890625 0.0859375
0 0.626953125 0.0634765625 0.080078125 0.091796875
0 0.7255859375 0.1162109375 0.09375 0.109375
1 0.4501953125 0.390625 0.09375 0.271484375
1 0.529296875 0.388671875 0.216796875 0.271484375
1 0.673828125 0.251953125 0.189453125 0.28515625
1 0.78515625 0.3154296875 0.19140625 0.2734375
1 0.826171875 0.1474609375 0.1796875 0.271484375
1 0.900390625 0.1142578125 0.083984375 0.224609375
0 0.84375 0.498046875 0.17578125 0.16796875
