1 0.5419921875 0.140625 0.333984375 0.28125
0 0.4951171875 0.3330078125 0.458984375 0.666015625
1 0.8818359375 0.1953125 0.171875 0.296875
1 0.8173828125 0.2080078125 0.044921875 0.123046875
1 0.701171875 0.201171875 0.029296875 0.14453125
1 0.921875 0.24609375 0.080078125 0.212890625
1 0.7763671875 0.2294921875 0.078125 0.169921875
1 0.740234375 0.2255859375 0.134765625 0.29296875
1 0.9541015625 0.3779296875 0.091796875 0.474609375
1 0.9130859375 0.4287109375 0.09765625 0.26171875
0 0.228515625 0.6240234375 0.044921875 0.037109375
0 0.3408203125 0.65234375 0.029296875 0.041015625
0 0.533203125 0.685546875 0.03125 0.046875
1 0.4052734375 0.7431640625 0.1328125 0.224609375
1 0.572265625 0.7890625 0.103515625 0.2578125
1 0.3291015625 0.7568359375 0.076171875 0.16015625
1 0.5166015625 0.787109375 0.046875 0.13671875
1 0.205078125 0.7490234375 0.08203125 0.166015625
1 0.328125 0.78515625 0.046875 0.1015625
1 0.2080078125 0.7744140625 0.052734375 0.099609375
