0 0.0625 0.3173828125 0.1201171875 0.2041015625
1 0.3017578125 0.3017578125 0.2333984375 0.2666015625
0 0.556640625 0.19140625 0.08203125 0.0869140625
1 0.5830078125 0.412109375 0.1611328125 0.2548828125
1 0.130859375 0.837890625 0.154296875 0.1630859375
0 0.75390625 0.599609375 0.0693359375 0.060546875
0 0.865234375 0.638671875 0.0625 0.0576171875
1 0.572265625 0.8642578125 0.1201171875 0.271484375
1 0.76953125 0.7958984375 0.0986328125 0.2744140625
1 0.8740234375 0.8388671875 0.1083984375 0.2548828125
0 0.578125 0.6572265625 0.0693359375 0.0869140625
