0 0.326171875 0.095703125 0.0361328125 0.0625
0 0.388671875 0.298828125 0.0986328125 0.103515625
0 0.412109375 0.2255859375 0.072265625 0.0693359375
0 0.5361328125 0.2294921875 0.0625 0.0791015625
0 0.6181640625 0.3056640625 0.072265625 0.09375
0 0.693359375 0.1708984375 0.0625 0.07421875
0 0.7412109375 0.0888671875 0.0673828125 0.060546875
0 0.810546875 0.1650390625 0.0693359375 0.0791015625
0 0.919921875 0.1298828125 0.0556640625 0.0625
0 0.8603515625 0.314453125 0.0888671875 0.103515625
1 0.373046875 0.5146484375 0.1298828125 0.23046875
1 0.5322265625 0.4228515625 0.123046875 0.26171875
1 0.6240234375 0.509765625 0.1318359375 0.240234375
1 0.70703125 0.361328125 0.1181640625 0.25
1 0.86328125 0.521484375 0.154296875 0.216796875
1 0.8125 0.3486328125 0.0771484375 0.2255859375
1 0.0458984375 0.669921875 0.091796875 0.0791015625
1 0.662109375 0.814453125 0.67578125 0.3701171875
