1 0.0869140625 0.275390625 0.173828125 0.3515625
0 0.853515625 0.1376953125 0.09375 0.09765625
0 0.7294921875 0.259765625 0.056640625 0.076171875
0 0.8359375 0.25390625 0.029296875 0.041015625
1 0.7626953125 0.4013671875 0.119140625 0.2109375
1 0.8828125 0.3701171875 0.185546875 0.23828125
1 0.1943359375 0.7666015625 0.341796875 0.333984375
0 0.9775390625 0.6181640625 0.044921875 0.076171875
0 0.6337890625 0.7109375 0.05859375 0.091796875
0 0.751953125 0.7265625 0.0546875 0.087890625
0 0.8720703125 0.73046875 0.048828125 0.05859375
1 0.6572265625 0.865234375 0.1328125 0.234375
1 0.77734375 0.857421875 0.119140625 0.19921875
1 0.9716796875 0.794921875 0.056640625 0.2265625
1 0.8955078125 0.8623046875 0.1171875 0.14453125
