1 0.2607421875 0.3798828125 0.126953125 0.1171875
0 0.2490234375 0.29296875 0.0625 0.037109375
0 0.54296875 0.2353515625 0.046875 0.052734375
0 0.6513671875 0.1845703125 0.0390625 0.041015625
0 0.751953125 0.1767578125 0.0390625 0.04296875
0 0.8330078125 0.1572265625 0.044921875 0.0546875
0 0.890625 0.1396484375 0.0625 0.0625
0 0.1201171875 0.8818359375 0.150390625 0.236328125
0 0.2431640625 0.861328125 0.333984375 0.27734375
0 0.37109375 0.8916015625 0.2109375 0.216796875
1 0.7197265625 0.8662109375 0.142578125 0.15625
0 0.69921875 0.736328125 0.107421875 0.060546875
