0 0.2880859375 0.1884765625 0.083984375 0.1494140625
0 0.4443359375 0.1708984375 0.07421875 0.1201171875
0 0.5146484375 0.201171875 0.052734375 0.064453125
0 0.5771484375 0.1494140625 0.060546875 0.0888671875
0 0.6943359375 0.2177734375 0.052734375 0.064453125
0 0.8037109375 0.291015625 0.04296875 0.0478515625
1 0.1201171875 0.3583984375 0.2138671875 0.3583984375
1 0.5087890625 0.34765625 0.1318359375 0.28125
1 0.595703125 0.298828125 0.103515625 0.2021484375
1 0.71484375 0.36328125 0.09375 0.1923828125
1 0.80859375 0.392578125 0.064453125 0.1318359375
