0 0.412109375 0.10546875 0.109375 0.2109375
0 0.494140625 0.0244140625 0.05078125 0.0478515625
0 0.484375 0.0712890625 0.03125 0.0693359375
0 0.486328125 0.15234375 0.0361328125 0.0791015625
0 0.587890625 0.181640625 0.0986328125 0.103515625
0 0.611328125 0.1083984375 0.072265625 0.0693359375
0 0.7353515625 0.111328125 0.0625 0.0791015625
0 0.8173828125 0.1875 0.072265625 0.09375
0 0.892578125 0.052734375 0.0625 0.07421875
0 0.986328125 0.0458984375 0.0263671875 0.0771484375
1 0.48046875 0.3818359375 0.0244140625 0.2744140625
1 0.556640625 0.400390625 0.1611328125 0.23828125
1 0.732421875 0.3056640625 0.125 0.26171875
1 0.8232421875 0.3955078125 0.1318359375 0.248046875
1 0.90625 0.244140625 0.1181640625 0.25
1 0.986328125 0.23046875 0.0263671875 0.2255859375
0 0.8330078125 0.5869140625 0.146484375 0.134765625
