1 0.064453125 0.6806640625 0.12890625 0.357421875
0 0.677734375 0.4814453125 0.08203125 0.08984375
0 0.8291015625 0.552734375 0.080078125 0.1328125
0 0.978515625 0.5888671875 0.04296875 0.103515625
1 0.66796875 0.7392578125 0.154296875 0.427734375
1 0.8271484375 0.7373046875 0.1484375 0.333984375
1 0.60546875 0.796875 0.0703125 0.220703125
1 0.4765625 0.7421875 0.23828125 0.515625
1 0.7353515625 0.8046875 0.03515625 0.140625
1 0.76953125 0.8212890625 0.052734375 0.126953125
1 0.8837890625 0.8232421875 0.0390625 0.1171875
1 0.9453125 0.8359375 0.078125 0.18359375
1 0.955078125 0.810546875 0.08984375 0.2890625
