0 0.1982421875 0.17578125 0.037109375 0.037109375
1 0.0234375 0.169921875 0.017578125 0.07421875
0 0.0595703125 0.1796875 0.033203125 0.0546875
1 0.15625 0.1904296875 0.044921875 0.0859375
1 0.2275390625 0.2080078125 0.029296875 0.05859375
1 0.0859375 0.2060546875 0.033203125 0.046875
1 0.046875 0.21875 0.01953125 0.048828125
1 0.0751953125 0.22265625 0.05859375 0.1328125
1 0.1826171875 0.294921875 0.08203125 0.1640625
1 0.609375 0.3291015625 0.1953125 0.26171875
0 0.5908203125 0.08203125 0.12109375 0.080078125
1 0.08984375 0.7734375 0.1796875 0.32421875
1 0.6513671875 0.677734375 0.166015625 0.087890625
