0 0.1728515625 0.24609375 0.021484375 0.0244140625
0 0.1865234375 0.287109375 0.0166015625 0.0244140625
0 0.2255859375 0.3134765625 0.01953125 0.0244140625
0 0.0791015625 0.515625 0.0361328125 0.052734375
0 0.49609375 0.3994140625 0.021484375 0.0263671875
0 0.548828125 0.4130859375 0.021484375 0.0244140625
0 0.62890625 0.439453125 0.0244140625 0.0478515625
0 0.677734375 0.45703125 0.0263671875 0.0361328125
0 0.84765625 0.4208984375 0.0244140625 0.0361328125
0 0.9072265625 0.5166015625 0.033203125 0.04296875
0 0.7568359375 0.62890625 0.03125 0.0263671875
0 0.71484375 0.875 0.0380859375 0.0693359375
0 0.1806640625 0.7744140625 0.033203125 0.0556640625
0 0.28515625 0.796875 0.04296875 0.0576171875
0 0.3994140625 0.79296875 0.0361328125 0.0458984375
1 0.4755859375 0.4423828125 0.041015625 0.0625
1 0.537109375 0.4697265625 0.0244140625 0.0791015625
1 0.1357421875 0.849609375 0.0791015625 0.125
0 0.1494140625 0.9423828125 0.0625 0.064453125
0 0.490234375 0.5048828125 0.0244140625 0.0478515625
