0 0.4853515625 0.1396484375 0.0693359375 0.095703125
0 0.0791015625 0.19140625 0.060546875 0.095703125
0 0.2177734375 0.2646484375 0.052734375 0.1005859375
0 0.6669921875 0.271484375 0.0791015625 0.1083984375
0 0.349609375 0.2802734375 0.0576171875 0.0869140625
1 0.0830078125 0.390625 0.115234375 0.2763671875
1 0.0166015625 0.404296875 0.033203125 0.1396484375
1 0.4833984375 0.4228515625 0.1298828125 0.341796875
1 0.2294921875 0.4228515625 0.0986328125 0.240234375
1 0.14453125 0.4306640625 0.0361328125 0.158203125
1 0.421875 0.474609375 0.0263671875 0.1201171875
1 0.302734375 0.486328125 0.0166015625 0.14453125
1 0.2763671875 0.494140625 0.029296875 0.10546875
1 0.53125 0.49609375 0.0478515625 0.20703125
1 0.384765625 0.501953125 0.052734375 0.1630859375
1 0.177734375 0.50390625 0.01953125 0.0869140625
1 0.3427734375 0.5048828125 0.10546875 0.28125
1 0.65625 0.6181640625 0.1611328125 0.46875
1 0.55078125 0.677734375 0.0556640625 0.2568359375
1 0.7294921875 0.74609375 0.0673828125 0.208984375
