1 0.2939453125 0.05078125 0.095703125 0.1015625
1 0.27734375 0.1826171875 0.166015625 0.267578125
0 0.5048828125 0.0693359375 0.142578125 0.138671875
0 0.666015625 0.126953125 0.13671875 0.1484375
0 0.8154296875 0.1015625 0.125 0.08984375
0 0.962890625 0.1748046875 0.07421875 0.130859375
1 0.423828125 0.34375 0.232421875 0.2734375
1 0.5947265625 0.3896484375 0.228515625 0.27734375
1 0.7421875 0.390625 0.28515625 0.36328125
1 0.8984375 0.4599609375 0.203125 0.330078125
1 0.0888671875 0.708984375 0.177734375 0.3828125
1 0.6982421875 0.638671875 0.17578125 0.2109375
