1 0.28125 0.0283203125 0.0703125 0.056640625
1 0.123046875 0.0263671875 0.0546875 0.052734375
1 0.294921875 0.033203125 0.0390625 0.06640625
1 0.171875 0.03125 0.078125 0.0625
1 0.326171875 0.0654296875 0.08203125 0.130859375
1 0.2392578125 0.0380859375 0.01953125 0.0625
1 0.201171875 0.0322265625 0.03515625 0.064453125
1 0.224609375 0.0498046875 0.0703125 0.099609375
1 0.1396484375 0.025390625 0.025390625 0.05078125
1 0.181640625 0.0390625 0.02734375 0.05859375
1 0.279296875 0.03515625 0.08203125 0.0703125
1 0.3408203125 0.1015625 0.033203125 0.0546875
1 0.2890625 0.091796875 0.021484375 0.060546875
1 0.123046875 0.033203125 0.05859375 0.06640625
1 0.169921875 0.0322265625 0.078125 0.064453125
1 0.21875 0.0498046875 0.07421875 0.099609375
1 0.3291015625 0.0673828125 0.091796875 0.134765625
0 0.8876953125 0.1259765625 0.177734375 0.107421875
1 0.3056640625 0.7568359375 0.263671875 0.423828125
1 0.740234375 0.7431640625 0.333984375 0.2265625
