0 0.5087890625 0.32421875 0.0859375 0.08984375
0 0.716796875 0.4375 0.044921875 0.0546875
0 0.3408203125 0.3779296875 0.056640625 0.08203125
0 0.9228515625 0.548828125 0.076171875 0.078125
0 0.4365234375 0.4228515625 0.0390625 0.05859375
0 0.5693359375 0.4697265625 0.041015625 0.0390625
1 0.677734375 0.576171875 0.12109375 0.19921875
1 0.5400390625 0.5869140625 0.10546875 0.171875
1 0.302734375 0.5263671875 0.14453125 0.244140625
1 0.8564453125 0.7705078125 0.1953125 0.318359375
1 0.404296875 0.642578125 0.2578125 0.44140625
