0 0.1611328125 0.2958984375 0.1630859375 0.13671875
0 0.3330078125 0.2431640625 0.1416015625 0.125
0 0.544921875 0.0380859375 0.021484375 0.0263671875
0 0.59765625 0.052734375 0.01953125 0.0244140625
0 0.6767578125 0.0791015625 0.0244140625 0.0478515625
0 0.7255859375 0.095703125 0.0263671875 0.0361328125
0 0.8955078125 0.060546875 0.0244140625 0.0361328125
0 0.955078125 0.15625 0.033203125 0.04296875
0 0.8056640625 0.267578125 0.03125 0.0244140625
1 0.53125 0.08203125 0.0244140625 0.0625
1 0.5849609375 0.109375 0.0244140625 0.0791015625
0 0.5380859375 0.14453125 0.0244140625 0.0478515625
0 0.1728515625 0.6943359375 0.345703125 0.154296875
1 0.7080078125 0.8427734375 0.271484375 0.2568359375
0 0.71484375 0.607421875 0.1630859375 0.0771484375
