0 0.0849609375 0.1171875 0.0390625 0.046875
0 0.232421875 0.33984375 0.13671875 0.150390625
0 0.3544921875 0.1416015625 0.046875 0.046875
0 0.3896484375 0.091796875 0.029296875 0.033203125
0 0.4775390625 0.1796875 0.048828125 0.0703125
0 0.5009765625 0.103515625 0.02734375 0.033203125
0 0.5927734375 0.1630859375 0.05078125 0.046875
0 0.7275390625 0.2373046875 0.0546875 0.0546875
0 0.869140625 0.12890625 0.02734375 0.03515625
0 0.9814453125 0.4130859375 0.037109375 0.072265625
0 0.837890625 0.5537109375 0.15625 0.1796875
0 0.568359375 0.669921875 0.107421875 0.138671875
1 0.1611328125 0.7099609375 0.232421875 0.4765625
1 0.5341796875 0.853515625 0.205078125 0.29296875
1 0.7578125 0.82421875 0.18359375 0.3515625
