0 0.3076171875 0.2294921875 0.1103515625 0.1513671875
0 0.46484375 0.1494140625 0.083984375 0.07421875
0 0.5537109375 0.1318359375 0.03125 0.1728515625
1 0.24609375 0.3974609375 0.1826171875 0.2958984375
1 0.50390625 0.376953125 0.126953125 0.314453125
1 0.8896484375 0.2431640625 0.2138671875 0.1513671875
1 0.6611328125 0.24609375 0.1826171875 0.3193359375
0 0.8544921875 0.5419921875 0.052734375 0.05078125
1 0.349609375 0.8984375 0.26953125 0.203125
0 0.361328125 0.6669921875 0.2255859375 0.095703125
1 0.6337890625 0.8095703125 0.126953125 0.380859375
1 0.84375 0.818359375 0.2119140625 0.36328125
