1 0.0322265625 0.0634765625 0.064453125 0.126953125
1 0.2451171875 0.060546875 0.1103515625 0.1201171875
1 0.3857421875 0.06640625 0.1083984375 0.1318359375
1 0.544921875 0.1025390625 0.05078125 0.2041015625
1 0.7841796875 0.2294921875 0.431640625 0.458984375
0 0.220703125 0.66015625 0.0263671875 0.033203125
0 0.060546875 0.689453125 0.021484375 0.0478515625
0 0.279296875 0.697265625 0.03125 0.04296875
0 0.115234375 0.71484375 0.0263671875 0.04296875
0 0.1767578125 0.728515625 0.01953125 0.0380859375
1 0.2236328125 0.7548828125 0.04296875 0.1181640625
1 0.0556640625 0.7822265625 0.0478515625 0.13671875
1 0.244140625 0.7822265625 0.01953125 0.0791015625
1 0.1181640625 0.7861328125 0.05078125 0.1181640625
1 0.029296875 0.80078125 0.021484375 0.0791015625
1 0.28125 0.802734375 0.0478515625 0.146484375
1 0.193359375 0.8076171875 0.0068359375 0.0625
1 0.1552734375 0.80859375 0.01953125 0.0673828125
1 0.1787109375 0.8115234375 0.04296875 0.115234375
1 0.0927734375 0.8193359375 0.0146484375 0.0478515625
1 0.138671875 0.822265625 0.0146484375 0.0576171875
1 0.2236328125 0.76171875 0.05078125 0.1298828125
1 0.306640625 0.8447265625 0.01953125 0.052734375
1 0.25390625 0.84765625 0.0068359375 0.060546875
1 0.0517578125 0.79296875 0.0625 0.14453125
1 0.1181640625 0.79296875 0.05078125 0.1103515625
1 0.173828125 0.8134765625 0.0478515625 0.11328125
1 0.28515625 0.8037109375 0.0576171875 0.1494140625
1 0.767578125 0.517578125 0.21875 0.1181640625
