0 0.17578125 0.2724609375 0.171875 0.1484375
0 0.3515625 0.232421875 0.150390625 0.134765625
0 0.5771484375 0.0419921875 0.0234375 0.02734375
0 0.62890625 0.060546875 0.021484375 0.025390625
0 0.7060546875 0.0927734375 0.02734375 0.048828125
0 0.7529296875 0.1123046875 0.029296875 0.037109375
0 0.9248046875 0.0888671875 0.02734375 0.037109375
0 0.9775390625 0.1884765625 0.03515625 0.044921875
0 0.8212890625 0.2890625 0.033203125 0.02734375
1 0.560546875 0.0849609375 0.029296875 0.064453125
1 0.6123046875 0.1162109375 0.029296875 0.080078125
0 0.5625 0.1484375 0.02734375 0.048828125
0 0.1689453125 0.6708984375 0.337890625 0.177734375
1 0.68359375 0.8564453125 0.2890625 0.275390625
0 0.70703125 0.6220703125 0.16796875 0.087890625
