0 0.1787109375 0.2705078125 0.0673828125 0.07421875
0 0.41015625 0.322265625 0.033203125 0.0458984375
0 0.0322265625 0.369140625 0.0380859375 0.07421875
0 0.1357421875 0.3837890625 0.0263671875 0.05078125
0 0.2763671875 0.392578125 0.033203125 0.03125
0 0.21484375 0.466796875 0.07421875 0.115234375
0 0.357421875 0.5693359375 0.0673828125 0.1298828125
0 0.51953125 0.625 0.060546875 0.0986328125
1 0.177734375 0.7392578125 0.1103515625 0.41796875
1 0.3369140625 0.75390625 0.11328125 0.32421875
1 0.1103515625 0.7900390625 0.0478515625 0.216796875
1 0.0400390625 0.7353515625 0.0791015625 0.529296875
1 0.23828125 0.810546875 0.021484375 0.1396484375
1 0.2705078125 0.830078125 0.041015625 0.123046875
1 0.3837890625 0.8447265625 0.0244140625 0.115234375
1 0.4443359375 0.8642578125 0.0576171875 0.177734375
1 0.4853515625 0.8515625 0.123046875 0.296875
1 0.546875 0.869140625 0.0556640625 0.1875
1 0.6669921875 0.548828125 0.1298828125 0.197265625
1 0.9130859375 0.5068359375 0.0888671875 0.197265625
