1 0.119140625 0.111328125 0.16796875 0.22265625
0 0.150390625 0.2451171875 0.30078125 0.490234375
1 0.8095703125 0.3271484375 0.08203125 0.087890625
1 0.9794921875 0.35546875 0.041015625 0.09375
1 0.6064453125 0.337890625 0.046875 0.072265625
1 0.6982421875 0.3291015625 0.056640625 0.091796875
1 0.4619140625 0.3349609375 0.056640625 0.10546875
1 0.9560546875 0.3447265625 0.087890625 0.103515625
1 0.0439453125 0.8125 0.087890625 0.18359375
0 0.03515625 0.65234375 0.0703125 0.05859375
1 0.8984375 0.7724609375 0.185546875 0.384765625
