0 0.9736328125 0.3193359375 0.0478515625 0.0693359375
0 0.794921875 0.3271484375 0.041015625 0.04296875
0 0.90234375 0.3369140625 0.03125 0.0380859375
1 0.84765625 0.3505859375 0.04296875 0.0791015625
1 0.75390625 0.369140625 0.041015625 0.0556640625
1 0.892578125 0.3701171875 0.0380859375 0.0380859375
1 0.89453125 0.431640625 0.0361328125 0.10546875
1 0.7958984375 0.4423828125 0.0693359375 0.1494140625
1 0.9580078125 0.515625 0.083984375 0.248046875
1 0.853515625 0.8134765625 0.2861328125 0.2861328125
