0 0.1005859375 0.255859375 0.025390625 0.029296875
0 0.1552734375 0.2587890625 0.025390625 0.029296875
0 0.23828125 0.2685546875 0.033203125 0.052734375
0 0.2900390625 0.2744140625 0.033203125 0.041015625
0 0.4482421875 0.203125 0.03125 0.041015625
0 0.52734375 0.28515625 0.041015625 0.048828125
0 0.4033203125 0.42578125 0.03515625 0.033203125
0 0.4091796875 0.6650390625 0.046875 0.056640625
0 0.0869140625 0.662109375 0.044921875 0.052734375
1 0.08984375 0.3017578125 0.052734375 0.0703125
1 0.1552734375 0.31640625 0.04296875 0.08203125
0 0.1171875 0.359375 0.033203125 0.052734375
1 0.3701171875 0.8212890625 0.287109375 0.283203125
1 0.8349609375 0.740234375 0.330078125 0.34375
