1 0.927734375 0.212890625 0.14453125 0.2734375
1 0.3193359375 0.3388671875 0.34375 0.3046875
0 0.744140625 0.3671875 0.09375 0.150390625
0 0.91015625 0.45703125 0.083984375 0.1328125
1 0.5771484375 0.505859375 0.11328125 0.396484375
1 0.69140625 0.560546875 0.17578125 0.291015625
1 0.58203125 0.572265625 0.07421875 0.185546875
1 0.9638671875 0.669921875 0.052734375 0.150390625
1 0.736328125 0.6435546875 0.05859375 0.13671875
1 0.6123046875 0.6220703125 0.060546875 0.1640625
1 0.7822265625 0.6748046875 0.07421875 0.177734375
1 0.8447265625 0.6875 0.19140625 0.34375
1 0.892578125 0.6962890625 0.08984375 0.2109375
