0 0.1044921875 0.154296875 0.0693359375 0.0771484375
0 0.228515625 0.1416015625 0.0380859375 0.0380859375
0 0.2763671875 0.189453125 0.041015625 0.072265625
0 0.32421875 0.2138671875 0.0361328125 0.033203125
0 0.3740234375 0.1875 0.04296875 0.041015625
0 0.4423828125 0.2744140625 0.072265625 0.07421875
0 0.548828125 0.2177734375 0.052734375 0.052734375
0 0.697265625 0.349609375 0.0048828125 0.03125
0 0.69140625 0.333984375 0.0166015625 0.0244140625
0 0.607421875 0.287109375 0.021484375 0.029296875
0 0.60546875 0.310546875 0.0166015625 0.01953125
1 0.068359375 0.3857421875 0.13671875 0.2666015625
1 0.2548828125 0.283203125 0.07421875 0.154296875
1 0.47265625 0.4365234375 0.103515625 0.166015625
1 0.8369140625 0.064453125 0.275390625 0.12890625
0 0.7490234375 0.533203125 0.0986328125 0.029296875
