0 0.4306640625 0.1376953125 0.029296875 0.033203125
0 0.703125 0.162109375 0.029296875 0.03515625
0 0.5400390625 0.177734375 0.025390625 0.048828125
0 0.7568359375 0.2041015625 0.03515625 0.044921875
0 0.5927734375 0.2080078125 0.029296875 0.044921875
0 0.6533203125 0.2265625 0.0234375 0.0390625
1 0.697265625 0.2568359375 0.052734375 0.12109375
1 0.52734375 0.26953125 0.060546875 0.140625
1 0.7158203125 0.28515625 0.025390625 0.080078125
1 0.4228515625 0.26171875 0.072265625 0.13671875
1 0.5888671875 0.2783203125 0.060546875 0.123046875
1 0.4990234375 0.28515625 0.02734375 0.080078125
1 0.7509765625 0.3076171875 0.060546875 0.1484375
1 0.6630859375 0.306640625 0.01171875 0.0625
1 0.625 0.3046875 0.025390625 0.068359375
1 0.6484375 0.30859375 0.052734375 0.119140625
1 0.5615234375 0.310546875 0.01953125 0.046875
1 0.6064453125 0.31640625 0.01953125 0.056640625
1 0.697265625 0.2646484375 0.064453125 0.134765625
1 0.7724609375 0.353515625 0.025390625 0.0546875
1 0.7177734375 0.3486328125 0.009765625 0.056640625
1 0.5234375 0.2802734375 0.072265625 0.1484375
1 0.587890625 0.2861328125 0.0625 0.115234375
1 0.642578125 0.310546875 0.0546875 0.1171875
1 0.4228515625 0.2646484375 0.08203125 0.146484375
1 0.7529296875 0.3076171875 0.0703125 0.1484375
1 0.203125 0.6640625 0.3515625 0.64453125
0 0.4482421875 0.501953125 0.17578125 0.185546875
0 0.9521484375 0.455078125 0.095703125 0.12109375
1 0.427734375 0.8447265625 0.20703125 0.310546875
1 0.90625 0.7685546875 0.18359375 0.462890625
