0 0.42578125 0.16015625 0.0458984375 0.0673828125
0 0.0625 0.1767578125 0.04296875 0.083984375
0 0.17578125 0.216796875 0.0361328125 0.08203125
0 0.2919921875 0.2451171875 0.0380859375 0.052734375
1 0.0556640625 0.3427734375 0.0888671875 0.240234375
1 0.173828125 0.353515625 0.083984375 0.1923828125
1 0.421875 0.3544921875 0.10546875 0.240234375
1 0.287109375 0.4072265625 0.09375 0.185546875
1 0.88671875 0.1044921875 0.2255859375 0.208984375
1 0.4287109375 0.6298828125 0.1416015625 0.259765625
1 0.8330078125 0.8232421875 0.2880859375 0.2548828125
0 0.8330078125 0.583984375 0.1708984375 0.0791015625
