0 0.271484375 0.22265625 0.0263671875 0.033203125
0 0.5458984375 0.22265625 0.0244140625 0.033203125
0 0.384765625 0.251953125 0.021484375 0.0478515625
0 0.603515625 0.259765625 0.03125 0.04296875
0 0.439453125 0.27734375 0.0263671875 0.04296875
0 0.5009765625 0.291015625 0.01953125 0.0380859375
1 0.5478515625 0.3173828125 0.04296875 0.1181640625
1 0.3798828125 0.3447265625 0.0478515625 0.13671875
1 0.568359375 0.3447265625 0.01953125 0.0791015625
1 0.275390625 0.345703125 0.060546875 0.1318359375
1 0.4423828125 0.3486328125 0.05078125 0.1181640625
1 0.353515625 0.36328125 0.021484375 0.0791015625
1 0.60546875 0.365234375 0.0478515625 0.146484375
1 0.517578125 0.3701171875 0.0068359375 0.0625
1 0.4794921875 0.37109375 0.01953125 0.0673828125
1 0.50390625 0.3740234375 0.04296875 0.115234375
1 0.4169921875 0.3818359375 0.0146484375 0.0478515625
1 0.462890625 0.384765625 0.0146484375 0.0556640625
1 0.5478515625 0.32421875 0.052734375 0.1298828125
1 0.630859375 0.4072265625 0.021484375 0.052734375
1 0.578125 0.41015625 0.0068359375 0.060546875
1 0.3759765625 0.35546875 0.0625 0.14453125
1 0.4423828125 0.35546875 0.052734375 0.1103515625
1 0.4990234375 0.3759765625 0.0458984375 0.11328125
1 0.26953125 0.3505859375 0.08203125 0.1416015625
1 0.609375 0.3662109375 0.0576171875 0.1494140625
