1 0.798828125 0.2763671875 0.208984375 0.2431640625
0 0.79296875 0.044921875 0.1943359375 0.07421875
1 0.0576171875 0.685546875 0.115234375 0.072265625
0 0.5625 0.7666015625 0.009765625 0.0244140625
0 0.828125 0.853515625 0.021484375 0.0263671875
0 0.880859375 0.8681640625 0.021484375 0.0244140625
0 0.9599609375 0.89453125 0.0244140625 0.0478515625
1 0.8076171875 0.896484375 0.041015625 0.0625
1 0.869140625 0.923828125 0.0263671875 0.0791015625
0 0.822265625 0.958984375 0.0244140625 0.0478515625
