0 0.2509765625 0.32421875 0.08203125 0.078125
0 0.2158203125 0.35546875 0.083984375 0.078125
0 0.177734375 0.4013671875 0.09375 0.0859375
0 0.1591796875 0.4794921875 0.1015625 0.09765625
0 0.271484375 0.5400390625 0.12109375 0.125
0 0.3134765625 0.4755859375 0.087890625 0.0859375
0 0.4326171875 0.509765625 0.080078125 0.091796875
0 0.4921875 0.60546875 0.09375 0.109375
0 0.599609375 0.494140625 0.080078125 0.087890625
0 0.6669921875 0.427734375 0.080078125 0.076171875
0 0.7138671875 0.5185546875 0.087890625 0.09375
0 0.8291015625 0.513671875 0.0703125 0.07421875
0 0.7236328125 0.6767578125 0.11328125 0.123046875
1 0.08203125 0.7021484375 0.1640625 0.306640625
1 0.177734375 0.7744140625 0.234375 0.333984375
1 0.37890625 0.6962890625 0.189453125 0.28515625
1 0.44140625 0.8173828125 0.1953125 0.2890625
1 0.5634765625 0.6826171875 0.1796875 0.271484375
1 0.6640625 0.8759765625 0.22265625 0.248046875
1 0.6689453125 0.697265625 0.1328125 0.23828125
