1 0.2802734375 0.142578125 0.150390625 0.28515625
1 0.583984375 0.1591796875 0.146484375 0.318359375
1 0.353515625 0.62890625 0.306640625 0.25
0 0.98828125 0.6533203125 0.017578125 0.068359375
0 0.654296875 0.6650390625 0.017578125 0.083984375
0 0.7529296875 0.70703125 0.0390625 0.08203125
0 0.8701171875 0.7373046875 0.0390625 0.052734375
1 0.6591796875 0.830078125 0.03515625 0.240234375
1 0.75 0.84375 0.087890625 0.193359375
1 0.96875 0.8466796875 0.0546875 0.240234375
1 0.861328125 0.9033203125 0.09765625 0.193359375
