0 0.328125 0.388671875 0.1103515625 0.16796875
1 0.541015625 0.39453125 0.26171875 0.177734375
0 0.2705078125 0.83203125 0.08203125 0.0791015625
0 0.3818359375 0.8994140625 0.0478515625 0.05078125
0 0.51953125 0.8759765625 0.0478515625 0.0478515625
0 0.5849609375 0.8896484375 0.052734375 0.072265625
0 0.986328125 0.904296875 0.0263671875 0.04296875
1 0.322265625 0.9423828125 0.20703125 0.115234375
1 0.51171875 0.96875 0.0771484375 0.0625
1 0.591796875 0.9609375 0.08984375 0.078125
1 0.791015625 0.953125 0.1005859375 0.09375
0 0.791015625 0.8427734375 0.083984375 0.052734375
