0 0.306640625 0.1357421875 0.09375 0.119140625
0 0.142578125 0.3271484375 0.091796875 0.13671875
1 0.0400390625 0.4990234375 0.080078125 0.259765625
1 0.3623046875 0.390625 0.205078125 0.30859375
1 0.2978515625 0.484375 0.087890625 0.14453125
1 0.0634765625 0.5595703125 0.05859375 0.115234375
1 0.44140625 0.4453125 0.083984375 0.14453125
1 0.1142578125 0.5478515625 0.0703125 0.115234375
1 0.166015625 0.4931640625 0.17578125 0.212890625
1 0.2216796875 0.509765625 0.083984375 0.134765625
1 0.7421875 0.1611328125 0.142578125 0.14453125
1 0.6318359375 0.205078125 0.10546875 0.111328125
1 0.4482421875 0.857421875 0.330078125 0.28515625
0 0.365234375 0.6376953125 0.232421875 0.13671875
1 0.94140625 0.66796875 0.1171875 0.2890625
0 0.92578125 0.4267578125 0.1484375 0.115234375
