1 0.2509765625 0.4013671875 0.1328125 0.125
0 0.2314453125 0.3154296875 0.0625 0.041015625
0 0.51953125 0.232421875 0.048828125 0.0546875
0 0.6240234375 0.1728515625 0.041015625 0.04296875
0 0.72265625 0.15625 0.04296875 0.044921875
0 0.802734375 0.1298828125 0.048828125 0.056640625
0 0.857421875 0.1064453125 0.064453125 0.064453125
0 0.158203125 0.896484375 0.17578125 0.20703125
0 0.2783203125 0.8671875 0.353515625 0.265625
0 0.4072265625 0.89453125 0.228515625 0.2109375
1 0.7509765625 0.845703125 0.150390625 0.1640625
0 0.71875 0.7177734375 0.109375 0.068359375
