1 0.0673828125 0.263671875 0.103515625 0.2666015625
1 0.7431640625 0.2041015625 0.2880859375 0.408203125
1 0.9345703125 0.2041015625 0.130859375 0.408203125
0 0.0322265625 0.45703125 0.04296875 0.060546875
0 0.16796875 0.4365234375 0.052734375 0.0556640625
0 0.388671875 0.4794921875 0.072265625 0.0673828125
1 0.0478515625 0.59765625 0.095703125 0.185546875
1 0.1826171875 0.6005859375 0.1103515625 0.2041015625
1 0.36328125 0.662109375 0.09375 0.2255859375
1 0.548828125 0.6396484375 0.0986328125 0.2353515625
1 0.9072265625 0.517578125 0.146484375 0.21875
