0 0.0712890625 0.3505859375 0.029296875 0.046875
0 0.2802734375 0.1337890625 0.044921875 0.0546875
0 0.3125 0.3271484375 0.05078125 0.05078125
0 0.6806640625 0.0322265625 0.041015625 0.021484375
1 0.04296875 0.357421875 0.072265625 0.13671875
1 0.244140625 0.216796875 0.09375 0.15234375
1 0.28125 0.3994140625 0.068359375 0.1171875
1 0.6845703125 0.1123046875 0.08984375 0.1484375
1 0.1982421875 0.515625 0.154296875 0.095703125
1 0.4892578125 0.7626953125 0.279296875 0.474609375
1 0.9150390625 0.8388671875 0.099609375 0.240234375
