0 0.435546875 0.53125 0.0625 0.04296875
1 0.5478515625 0.52734375 0.0380859375 0.0361328125
1 0.615234375 0.529296875 0.0478515625 0.0380859375
1 0.5224609375 0.5166015625 0.0263671875 0.0146484375
1 0.6787109375 0.537109375 0.041015625 0.0556640625
1 0.697265625 0.5263671875 0.01953125 0.033203125
1 0.7919921875 0.546875 0.060546875 0.07421875
1 0.6416015625 0.5224609375 0.0146484375 0.0263671875
1 0.65625 0.52734375 0.0146484375 0.0361328125
1 0.5927734375 0.5263671875 0.01171875 0.033203125
1 0.76171875 0.5537109375 0.0166015625 0.072265625
1 0.8193359375 0.556640625 0.0244140625 0.064453125
