0 0.064453125 0.22265625 0.103515625 0.189453125
0 0.2666015625 0.2431640625 0.1015625 0.15625
0 0.875 0.294921875 0.072265625 0.0859375
0 0.5791015625 0.29296875 0.08984375 0.111328125
0 0.3916015625 0.392578125 0.130859375 0.19921875
1 0.8603515625 0.4931640625 0.146484375 0.220703125
1 0.08984375 0.453125 0.1796875 0.3359375
1 0.26171875 0.466796875 0.158203125 0.25390625
1 0.55859375 0.5390625 0.171875 0.298828125
1 0.19921875 0.5302734375 0.09375 0.1640625
1 0.1025390625 0.560546875 0.126953125 0.1875
1 0.2880859375 0.5908203125 0.08984375 0.173828125
1 0.61328125 0.6376953125 0.095703125 0.240234375
1 0.392578125 0.7421875 0.23046875 0.435546875
1 0.2578125 0.7392578125 0.12890625 0.162109375
1 0.4169921875 0.8642578125 0.189453125 0.271484375
