0 0.357421875 0.3525390625 0.14453125 0.189453125
1 0.5634765625 0.40625 0.294921875 0.232421875
0 0.2021484375 0.771484375 0.09765625 0.095703125
0 0.294921875 0.8623046875 0.05859375 0.060546875
0 0.4345703125 0.87109375 0.056640625 0.056640625
0 0.4951171875 0.8984375 0.068359375 0.08203125
0 0.8828125 0.9892578125 0.03515625 0.021484375
1 0.2275390625 0.890625 0.228515625 0.158203125
1 0.40625 0.958984375 0.08984375 0.078125
1 0.484375 0.9609375 0.10546875 0.078125
1 0.6806640625 0.974609375 0.119140625 0.05078125
0 0.7060546875 0.8994140625 0.09375 0.0703125
