1 0.1005859375 0.1279296875 0.15625 0.2265625
0 0.13671875 0.251953125 0.2734375 0.50390625
1 0.7998046875 0.3115234375 0.078125 0.0859375
1 0.9765625 0.3291015625 0.046875 0.091796875
1 0.59765625 0.33203125 0.04296875 0.0703125
1 0.689453125 0.318359375 0.052734375 0.08984375
1 0.453125 0.3369140625 0.05078125 0.103515625
1 0.94921875 0.3212890625 0.087890625 0.099609375
1 0.0498046875 0.8369140625 0.099609375 0.177734375
0 0.0390625 0.677734375 0.078125 0.0546875
1 0.912109375 0.7509765625 0.166015625 0.380859375
