1 0.1494140625 0.2041015625 0.271484375 0.271484375
0 0.6337890625 0.1103515625 0.056640625 0.1015625
0 0.7333984375 0.17578125 0.05078125 0.1015625
0 0.8623046875 0.22265625 0.046875 0.056640625
1 0.46875 0.251953125 0.123046875 0.33203125
1 0.59765625 0.2958984375 0.1171875 0.26171875
1 0.962890625 0.328125 0.07421875 0.234375
1 0.71484375 0.3134765625 0.103515625 0.205078125
1 0.83203125 0.36328125 0.115234375 0.173828125
0 0.49609375 0.0146484375 0.0703125 0.029296875
1 0.7705078125 0.736328125 0.166015625 0.1640625
0 0.779296875 0.6025390625 0.123046875 0.05859375
