1 0.2666015625 0.267578125 0.234375 0.265625
0 0.2568359375 0.060546875 0.150390625 0.07421875
0 0.40625 0.2412109375 0.087890625 0.095703125
0 0.486328125 0.302734375 0.072265625 0.083984375
0 0.59375 0.2294921875 0.056640625 0.064453125
0 0.7470703125 0.2197265625 0.048828125 0.05859375
0 0.802734375 0.2265625 0.04296875 0.05078125
0 0.8701171875 0.2353515625 0.048828125 0.048828125
0 0.9375 0.1845703125 0.03515625 0.044921875
1 0.287109375 0.6640625 0.318359375 0.220703125
1 0.5888671875 0.73828125 0.34375 0.46484375
1 0.9091796875 0.6796875 0.181640625 0.4609375
