1 0.25 0.0390625 0.14453125 0.078125
1 0.9541015625 0.271484375 0.091796875 0.3203125
1 0.6083984375 0.0947265625 0.08203125 0.166015625
1 0.8291015625 0.2294921875 0.341796875 0.365234375
1 0.6396484375 0.14453125 0.1875 0.265625
1 0.6943359375 0.189453125 0.24609375 0.333984375
1 0.392578125 0.5361328125 0.201171875 0.259765625
0 0.4560546875 0.3388671875 0.138671875 0.09765625
0 0.6982421875 0.662109375 0.1328125 0.130859375
1 0.5859375 0.71484375 0.22265625 0.265625
1 0.791015625 0.859375 0.2578125 0.265625
