1 0.1455078125 0.220703125 0.28515625 0.259765625
0 0.7978515625 0.0263671875 0.087890625 0.052734375
1 0.6455078125 0.1923828125 0.205078125 0.384765625
1 0.8193359375 0.177734375 0.17578125 0.291015625
1 0.72265625 0.228515625 0.07421875 0.185546875
1 0.892578125 0.2373046875 0.05859375 0.13671875
1 0.7685546875 0.263671875 0.060546875 0.162109375
1 0.94140625 0.248046875 0.068359375 0.173828125
1 0.4833984375 0.6923828125 0.083984375 0.1328125
1 0.982421875 0.6923828125 0.03515625 0.193359375
