0 0.25390625 0.3193359375 0.08203125 0.078125
0 0.21875 0.3505859375 0.083984375 0.080078125
0 0.1796875 0.3955078125 0.09375 0.0859375
0 0.1591796875 0.4736328125 0.1015625 0.099609375
0 0.271484375 0.5361328125 0.123046875 0.126953125
0 0.314453125 0.4716796875 0.087890625 0.0859375
0 0.4326171875 0.5087890625 0.08203125 0.09375
0 0.490234375 0.6044921875 0.095703125 0.109375
0 0.599609375 0.49609375 0.080078125 0.087890625
0 0.66796875 0.4306640625 0.08203125 0.076171875
0 0.7138671875 0.5224609375 0.087890625 0.095703125
0 0.8291015625 0.51953125 0.0703125 0.076171875
0 0.720703125 0.6806640625 0.11328125 0.123046875
1 0.0810546875 0.6943359375 0.162109375 0.306640625
1 0.1728515625 0.7685546875 0.23828125 0.3359375
1 0.375 0.6943359375 0.19140625 0.28515625
1 0.435546875 0.8154296875 0.19921875 0.291015625
1 0.5595703125 0.68359375 0.181640625 0.2734375
1 0.65625 0.876953125 0.2265625 0.24609375
1 0.6650390625 0.7001953125 0.13671875 0.23828125
