1 0.3173828125 0.09375 0.1201171875 0.177734375
1 0.4306640625 0.1669921875 0.177734375 0.333984375
1 0.455078125 0.291015625 0.146484375 0.3076171875
0 0.625 0.0634765625 0.1923828125 0.126953125
0 0.96875 0.0625 0.0625 0.125
1 0.65234375 0.3505859375 0.248046875 0.2548828125
0 0.1044921875 0.51171875 0.17578125 0.0673828125
1 0.12890625 0.7724609375 0.2568359375 0.2958984375
0 0.6826171875 0.6787109375 0.1103515625 0.1513671875
0 0.83984375 0.5986328125 0.083984375 0.07421875
0 0.9560546875 0.5810546875 0.087890625 0.173828125
1 0.62109375 0.84765625 0.1826171875 0.2958984375
1 0.87890625 0.8271484375 0.126953125 0.314453125
