0 0.177734375 0.0888671875 0.11328125 0.1640625
0 0.7783203125 0.205078125 0.080078125 0.091796875
0 0.484375 0.1728515625 0.099609375 0.1171875
0 0.2880859375 0.2509765625 0.1484375 0.20703125
1 0.744140625 0.400390625 0.166015625 0.232421875
1 0.150390625 0.3115234375 0.181640625 0.265625
1 0.4375 0.4150390625 0.19921875 0.310546875
1 0.0810546875 0.3671875 0.107421875 0.169921875
1 0.0263671875 0.3955078125 0.052734375 0.181640625
1 0.1630859375 0.4384765625 0.107421875 0.1796875
1 0.482421875 0.5078125 0.115234375 0.224609375
1 0.271484375 0.482421875 0.232421875 0.220703125
1 0.1259765625 0.529296875 0.126953125 0.068359375
1 0.962890625 0.1103515625 0.07421875 0.083984375
1 0.3291015625 0.9580078125 0.21484375 0.07421875
0 0.357421875 0.8720703125 0.140625 0.0859375
0 0.873046875 0.71875 0.1796875 0.09375
1 0.8349609375 0.9169921875 0.216796875 0.166015625
