0 0.2080078125 0.021484375 0.0693359375 0.04296875
0 0.015625 0.1337890625 0.03125 0.123046875
1 0.197265625 0.2958984375 0.134765625 0.3681640625
1 0.1103515625 0.3349609375 0.0556640625 0.1494140625
1 0.2587890625 0.361328125 0.05078125 0.208984375
1 0.0224609375 0.37109375 0.044921875 0.32421875
1 0.029296875 0.373046875 0.052734375 0.2041015625
1 0.72265625 0.4111328125 0.40625 0.375
1 0.4375 0.390625 0.10546875 0.25
0 0.4541015625 0.19140625 0.0771484375 0.0888671875
1 0.7607421875 0.9248046875 0.259765625 0.150390625
0 0.7744140625 0.7392578125 0.1943359375 0.083984375
