0 0.5068359375 0.052734375 0.0478515625 0.05078125
0 0.64453125 0.0302734375 0.0478515625 0.0478515625
0 0.7099609375 0.04296875 0.052734375 0.072265625
1 0.5 0.189453125 0.1005859375 0.302734375
1 0.5107421875 0.234375 0.0625 0.115234375
1 0.63671875 0.169921875 0.0771484375 0.15625
1 0.71875 0.173828125 0.091796875 0.189453125
1 0.916015625 0.15625 0.1005859375 0.189453125
0 0.9150390625 0.0107421875 0.083984375 0.021484375
1 0.224609375 0.744140625 0.44921875 0.51171875
0 0.7041015625 0.5869140625 0.14453125 0.07421875
1 0.7236328125 0.828125 0.1806640625 0.2744140625
