1 0.2646484375 0.08984375 0.248046875 0.1484375
1 0.7626953125 0.185546875 0.314453125 0.318359375
1 0.0751953125 0.7021484375 0.123046875 0.185546875
1 0.2197265625 0.66015625 0.150390625 0.162109375
1 0.5869140625 0.62890625 0.123046875 0.21875
1 0.1171875 0.671875 0.0625 0.1328125
1 0.51953125 0.60546875 0.078125 0.14453125
1 0.28125 0.658203125 0.0546875 0.134765625
1 0.1572265625 0.6826171875 0.05859375 0.162109375
1 0.3349609375 0.6708984375 0.072265625 0.177734375
1 0.40234375 0.689453125 0.17578125 0.28125
1 0.4462890625 0.6513671875 0.087890625 0.208984375
