1 0.1748046875 0.123046875 0.10546875 0.197265625
1 0.27734375 0.103515625 0.08984375 0.166015625
1 0.36328125 0.115234375 0.06640625 0.17578125
0 0.5791015625 0.0458984375 0.06640625 0.0703125
0 0.703125 0.1005859375 0.064453125 0.060546875
0 0.4296875 0.0341796875 0.044921875 0.056640625
1 0.4326171875 0.1708984375 0.087890625 0.1640625
1 0.5947265625 0.197265625 0.111328125 0.2265625
1 0.7158203125 0.2470703125 0.099609375 0.2109375
1 0.0234375 0.8291015625 0.046875 0.251953125
0 0.0244140625 0.603515625 0.048828125 0.125
1 0.4794921875 0.6982421875 0.232421875 0.5703125
1 0.73046875 0.5810546875 0.173828125 0.31640625
1 0.9375 0.6123046875 0.125 0.361328125
