0 0.1982421875 0.0361328125 0.080078125 0.072265625
0 0.333984375 0.1240234375 0.076171875 0.130859375
1 0.146484375 0.2470703125 0.134765625 0.361328125
1 0.3017578125 0.2890625 0.1328125 0.298828125
1 0.0732421875 0.318359375 0.060546875 0.205078125
1 0.19921875 0.35546875 0.03125 0.140625
1 0.23046875 0.373046875 0.048828125 0.115234375
1 0.3408203125 0.3896484375 0.03125 0.09765625
1 0.734375 0.20703125 0.53125 0.4140625
1 0.6171875 0.20703125 0.484375 0.4140625
1 0.3076171875 0.6923828125 0.111328125 0.2578125
1 0.6708984375 0.6435546875 0.232421875 0.345703125
