0 0.052734375 0.1552734375 0.0361328125 0.04296875
0 0.2197265625 0.36328125 0.125 0.1396484375
0 0.32421875 0.1552734375 0.04296875 0.04296875
0 0.3544921875 0.1025390625 0.0263671875 0.03125
0 0.44921875 0.1826171875 0.04296875 0.0673828125
0 0.466796875 0.1044921875 0.0244140625 0.03125
0 0.5634765625 0.15625 0.0478515625 0.04296875
0 0.7041015625 0.21875 0.05078125 0.05078125
0 0.8349609375 0.0986328125 0.0244140625 0.033203125
0 0.978515625 0.37109375 0.04296875 0.0693359375
0 0.841796875 0.5244140625 0.1416015625 0.16796875
0 0.5830078125 0.6630859375 0.095703125 0.1298828125
1 0.1806640625 0.73828125 0.1923828125 0.4619140625
1 0.56640625 0.8544921875 0.1806640625 0.291015625
1 0.787109375 0.8154296875 0.15234375 0.369140625
