0 0.4716796875 0.087890625 0.0859375 0.115234375
0 0.08203125 0.1123046875 0.07421875 0.146484375
0 0.2431640625 0.1962890625 0.08203125 0.1328125
1 0.05859375 0.302734375 0.10546875 0.259765625
1 0.4189453125 0.34375 0.1796875 0.30078125
1 0.3212890625 0.4033203125 0.076171875 0.142578125
1 0.0771484375 0.376953125 0.048828125 0.11328125
1 0.46875 0.42578125 0.072265625 0.142578125
1 0.1279296875 0.38671875 0.05859375 0.11328125
1 0.197265625 0.3583984375 0.16015625 0.203125
1 0.2412109375 0.3955078125 0.072265625 0.130859375
1 0.8583984375 0.2890625 0.1328125 0.134765625
1 0.7412109375 0.2841796875 0.09765625 0.10546875
1 0.30078125 0.8232421875 0.30859375 0.30078125
0 0.3203125 0.5703125 0.228515625 0.115234375
1 0.876953125 0.8515625 0.18359375 0.279296875
0 0.919921875 0.6083984375 0.1484375 0.1015625
