0 0.265625 0.1240234375 0.04296875 0.04296875
1 0.0947265625 0.0849609375 0.03125 0.076171875
0 0.1279296875 0.1015625 0.04296875 0.05859375
1 0.2216796875 0.130859375 0.060546875 0.091796875
1 0.2880859375 0.1611328125 0.0390625 0.0625
1 0.1494140625 0.1328125 0.041015625 0.052734375
1 0.109375 0.1376953125 0.02734375 0.05078125
1 0.1357421875 0.146484375 0.08203125 0.138671875
1 0.2275390625 0.2373046875 0.111328125 0.173828125
1 0.640625 0.3525390625 0.23828125 0.2890625
0 0.66796875 0.107421875 0.1328125 0.1015625
1 0.0810546875 0.6865234375 0.162109375 0.349609375
1 0.6142578125 0.7041015625 0.17578125 0.115234375
