1 0.11328125 0.310546875 0.2265625 0.29296875
0 0.044921875 0.10546875 0.08984375 0.06640625
0 0.521484375 0.0888671875 0.06640625 0.10546875
0 0.89453125 0.0283203125 0.05078125 0.056640625
0 0.634765625 0.1240234375 0.060546875 0.10546875
0 0.7724609375 0.1337890625 0.052734375 0.060546875
1 0.4013671875 0.2705078125 0.15625 0.3359375
1 0.537109375 0.27734375 0.142578125 0.267578125
1 0.9111328125 0.203125 0.12109375 0.240234375
1 0.6552734375 0.26171875 0.123046875 0.212890625
1 0.7822265625 0.27734375 0.130859375 0.181640625
0 0.3623046875 0.0322265625 0.072265625 0.041015625
1 0.8251953125 0.65234375 0.1796875 0.177734375
0 0.796875 0.521484375 0.126953125 0.0703125
