0 0.3837890625 0.291015625 0.099609375 0.130859375
0 0.890625 0.21875 0.08203125 0.103515625
0 0.5458984375 0.361328125 0.095703125 0.142578125
0 0.716796875 0.37890625 0.08203125 0.109375
1 0.4091796875 0.5673828125 0.201171875 0.431640625
1 0.5673828125 0.544921875 0.185546875 0.341796875
1 0.91015625 0.48828125 0.1796875 0.3515625
1 0.3544921875 0.630859375 0.095703125 0.22265625
1 0.23828125 0.6640625 0.328125 0.671875
1 0.484375 0.6220703125 0.052734375 0.140625
1 0.8642578125 0.5498046875 0.078125 0.16796875
1 0.5205078125 0.634765625 0.068359375 0.12890625
1 0.6337890625 0.623046875 0.048828125 0.1171875
1 0.984375 0.5400390625 0.03125 0.185546875
1 0.697265625 0.62890625 0.099609375 0.1875
1 0.740234375 0.62109375 0.193359375 0.341796875
1 0.7978515625 0.609375 0.095703125 0.1953125
0 0.1640625 0.177734375 0.171875 0.1640625
