0 0.1279296875 0.1162109375 0.09765625 0.099609375
0 0.3349609375 0.2294921875 0.05078125 0.064453125
0 0.5556640625 0.3251953125 0.072265625 0.0703125
0 0.0634765625 0.2138671875 0.01953125 0.0390625
0 0.1904296875 0.26953125 0.0390625 0.048828125
1 0.29296875 0.373046875 0.12109375 0.20703125
1 0.158203125 0.3916015625 0.099609375 0.166015625
1 0.4892578125 0.505859375 0.146484375 0.236328125
1 0.072265625 0.3681640625 0.14453125 0.279296875
1 0.916015625 0.1884765625 0.16796875 0.212890625
0 0.1865234375 0.7236328125 0.373046875 0.462890625
