0 0.0556640625 0.09375 0.1103515625 0.126953125
0 0.2822265625 0.130859375 0.091796875 0.095703125
0 0.490234375 0.2255859375 0.10546875 0.115234375
0 0.5693359375 0.3173828125 0.0556640625 0.10546875
0 0.630859375 0.302734375 0.0673828125 0.08203125
0 0.765625 0.3037109375 0.11328125 0.1318359375
0 0.853515625 0.3349609375 0.0673828125 0.08203125
1 0.052734375 0.46875 0.10546875 0.5048828125
1 0.12109375 0.447265625 0.0986328125 0.3173828125
1 0.3017578125 0.3681640625 0.17578125 0.2958984375
1 0.478515625 0.4912109375 0.1611328125 0.322265625
1 0.7744140625 0.63671875 0.1943359375 0.427734375
1 0.9677734375 0.759765625 0.064453125 0.48046875
