0 0.5517578125 0.15234375 0.056640625 0.07421875
0 0.1962890625 0.2255859375 0.0546875 0.08984375
0 0.3134765625 0.2470703125 0.05078125 0.087890625
0 0.43359375 0.2578125 0.044921875 0.05859375
0 0.7265625 0.2646484375 0.060546875 0.09375
1 0.0693359375 0.4013671875 0.138671875 0.322265625
1 0.21484375 0.390625 0.125 0.251953125
1 0.333984375 0.3828125 0.11328125 0.203125
1 0.5791015625 0.3447265625 0.142578125 0.25390625
1 0.45703125 0.43359375 0.126953125 0.2265625
1 0.740234375 0.4638671875 0.158203125 0.296875
0 0.02734375 0.16015625 0.0546875 0.06640625
