0 0.05078125 0.435546875 0.021484375 0.04296875
0 0.21484375 0.1826171875 0.0361328125 0.0478515625
0 0.283203125 0.3662109375 0.04296875 0.04296875
0 0.587890625 0.0068359375 0.0390625 0.013671875
1 0.0244140625 0.447265625 0.0478515625 0.1298828125
1 0.1943359375 0.2705078125 0.0673828125 0.1416015625
1 0.2666015625 0.443359375 0.0478515625 0.1103515625
1 0.607421875 0.083984375 0.064453125 0.1396484375
1 0.20703125 0.5732421875 0.14453125 0.0693359375
1 0.541015625 0.7685546875 0.1953125 0.462890625
1 0.9716796875 0.75390625 0.056640625 0.234375
