0 0.34765625 0.03125 0.060546875 0.0625
1 0.03125 0.16796875 0.0625 0.3359375
1 0.1640625 0.15234375 0.11328125 0.3046875
1 0.0673828125 0.19921875 0.021484375 0.1396484375
1 0.099609375 0.2197265625 0.041015625 0.1201171875
1 0.212890625 0.234375 0.0263671875 0.115234375
1 0.2744140625 0.25390625 0.0576171875 0.177734375
1 0.31640625 0.2255859375 0.123046875 0.2646484375
1 0.3642578125 0.2568359375 0.03125 0.1875
0 0.6943359375 0.1787109375 0.427734375 0.357421875
1 0.630859375 0.6787109375 0.501953125 0.6416015625
0 0.984375 0.8056640625 0.03125 0.0869140625
