1 0.3974609375 0.3212890625 0.1806640625 0.271484375
0 0.4130859375 0.068359375 0.1494140625 0.0986328125
1 0.587890625 0.22265625 0.19921875 0.228515625
0 0.56640625 0.03125 0.146484375 0.0625
1 0.404296875 0.69921875 0.16796875 0.2119140625
0 0.423828125 0.5205078125 0.126953125 0.021484375
0 0.607421875 0.7255859375 0.10546875 0.125
0 0.7451171875 0.62890625 0.115234375 0.125
0 0.9375 0.6728515625 0.115234375 0.1201171875
1 0.6103515625 0.9384765625 0.16796875 0.123046875
1 0.7529296875 0.8984375 0.205078125 0.203125
1 0.927734375 0.9140625 0.14453125 0.171875
