0 0.240234375 0.1181640625 0.0478515625 0.0888671875
0 0.08203125 0.140625 0.0478515625 0.072265625
0 0.298828125 0.1494140625 0.0380859375 0.0625
0 0.1630859375 0.15625 0.033203125 0.052734375
1 0.306640625 0.2880859375 0.0478515625 0.1875
1 0.1611328125 0.2919921875 0.0625 0.1923828125
1 0.23828125 0.3017578125 0.09375 0.251953125
1 0.330078125 0.3212890625 0.0166015625 0.2333984375
1 0.080078125 0.3427734375 0.09375 0.2646484375
1 0.6689453125 0.25 0.662109375 0.5
1 0.162109375 0.865234375 0.1806640625 0.26953125
1 0.392578125 0.54296875 0.1083984375 0.0869140625
1 0.5302734375 0.529296875 0.0986328125 0.0576171875
1 0.771484375 0.55859375 0.1005859375 0.1181640625
