1 0.359375 0.380859375 0.28125 0.2568359375
0 0.0947265625 0.6357421875 0.0986328125 0.103515625
0 0.119140625 0.5625 0.072265625 0.0693359375
0 0.2431640625 0.56640625 0.0625 0.0791015625
0 0.32421875 0.6416015625 0.072265625 0.09375
0 0.3994140625 0.5263671875 0.0625 0.033203125
1 0.072265625 0.8671875 0.14453125 0.265625
1 0.2392578125 0.759765625 0.125 0.26171875
1 0.330078125 0.859375 0.1318359375 0.2646484375
1 0.4130859375 0.6982421875 0.1181640625 0.25
1 0.490234375 0.685546875 0.01953125 0.2255859375
1 0.833984375 0.5576171875 0.33203125 0.095703125
