1 0.181640625 0.3017578125 0.36328125 0.603515625
1 0.5283203125 0.333984375 0.287109375 0.66796875
1 0.701171875 0.4140625 0.314453125 0.544921875
1 0.166015625 0.8681640625 0.205078125 0.17578125
0 0.7080078125 0.732421875 0.076171875 0.064453125
0 0.86328125 0.7861328125 0.078125 0.1015625
1 0.5283203125 0.833984375 0.130859375 0.33203125
1 0.66015625 0.849609375 0.1796875 0.30078125
1 0.5517578125 0.90625 0.05078125 0.140625
1 0.5791015625 0.9326171875 0.06640625 0.12890625
1 0.6865234375 0.955078125 0.048828125 0.08984375
1 0.7421875 0.953125 0.08984375 0.09375
1 0.7939453125 0.9208984375 0.166015625 0.158203125
1 0.84375 0.9638671875 0.0859375 0.072265625
