0 0.068359375 0.1611328125 0.12109375 0.24609375
0 0.3759765625 0.1044921875 0.232421875 0.208984375
1 0.861328125 0.2177734375 0.27734375 0.291015625
0 0.40625 0.5576171875 0.208984375 0.189453125
0 0.5126953125 0.8486328125 0.03125 0.056640625
0 0.82421875 0.8173828125 0.06640625 0.0703125
0 0.94921875 0.87109375 0.064453125 0.060546875
0 0.6748046875 0.8046875 0.044921875 0.056640625
1 0.5166015625 0.94921875 0.048828125 0.1015625
1 0.6650390625 0.9296875 0.111328125 0.140625
1 0.83984375 0.9267578125 0.109375 0.146484375
1 0.9501953125 0.955078125 0.072265625 0.08984375
