0 0.1005859375 0.0595703125 0.123046875 0.119140625
0 0.322265625 0.1103515625 0.1015625 0.10546875
0 0.5185546875 0.2255859375 0.1171875 0.125
0 0.587890625 0.3251953125 0.06640625 0.111328125
0 0.650390625 0.3173828125 0.076171875 0.087890625
0 0.78515625 0.3330078125 0.126953125 0.142578125
0 0.869140625 0.373046875 0.076171875 0.087890625
1 0.068359375 0.4208984375 0.13671875 0.513671875
1 0.12890625 0.408203125 0.130859375 0.326171875
1 0.31640625 0.3486328125 0.205078125 0.3125
1 0.4794921875 0.4892578125 0.193359375 0.337890625
1 0.7587890625 0.6650390625 0.23828125 0.4453125
1 0.9384765625 0.7822265625 0.115234375 0.435546875
