1 0.1455078125 0.4091796875 0.291015625 0.697265625
1 0.4580078125 0.3359375 0.287109375 0.671875
1 0.6484375 0.33984375 0.314453125 0.544921875
1 0.3447265625 0.9423828125 0.205078125 0.115234375
0 0.7841796875 0.626953125 0.076171875 0.064453125
0 0.9482421875 0.61328125 0.078125 0.1015625
1 0.666015625 0.80078125 0.130859375 0.34765625
1 0.796875 0.7744140625 0.1796875 0.341796875
1 0.7119140625 0.8505859375 0.05078125 0.140625
1 0.748046875 0.86328125 0.06640625 0.12890625
1 0.8623046875 0.8544921875 0.048828125 0.119140625
1 0.919921875 0.8447265625 0.08984375 0.16015625
1 0.9365234375 0.8017578125 0.126953125 0.240234375
1 0.9892578125 0.8232421875 0.021484375 0.158203125
