0 0.3017578125 0.3486328125 0.0458984375 0.060546875
0 0.412109375 0.3544921875 0.04296875 0.0556640625
0 0.521484375 0.353515625 0.0380859375 0.0478515625
0 0.572265625 0.375 0.0478515625 0.0791015625
0 0.65234375 0.361328125 0.0478515625 0.08203125
0 0.751953125 0.349609375 0.04296875 0.0693359375
1 0.3115234375 0.53125 0.0986328125 0.1943359375
1 0.412109375 0.5087890625 0.083984375 0.1630859375
1 0.525390625 0.5166015625 0.1103515625 0.1728515625
1 0.6298828125 0.525390625 0.0888671875 0.20703125
1 0.751953125 0.4990234375 0.07421875 0.2041015625
0 0.96875 0.5107421875 0.029296875 0.0576171875
1 0.94140625 0.5478515625 0.0478515625 0.060546875
