0 0.05859375 0.294921875 0.1171875 0.17578125
1 0.3115234375 0.2744140625 0.2138671875 0.259765625
0 0.453125 0.0712890625 0.060546875 0.0625
0 0.8193359375 0.041015625 0.0693359375 0.0673828125
0 0.9306640625 0.0830078125 0.0625 0.0576171875
1 0.638671875 0.3173828125 0.1201171875 0.2880859375
1 0.833984375 0.240234375 0.0986328125 0.2744140625
1 0.9384765625 0.283203125 0.1083984375 0.2548828125
0 0.642578125 0.1025390625 0.0693359375 0.0869140625
0 0.17578125 0.57421875 0.134765625 0.072265625
0 0.0263671875 0.6005859375 0.052734375 0.125
1 0.2548828125 0.638671875 0.3271484375 0.19921875
1 0.05859375 0.5986328125 0.1171875 0.123046875
1 0.6494140625 0.5673828125 0.279296875 0.0576171875
