0 0.4130859375 0.3291015625 0.0478515625 0.0693359375
0 0.234375 0.3369140625 0.041015625 0.04296875
0 0.3427734375 0.345703125 0.03125 0.0380859375
1 0.287109375 0.3603515625 0.04296875 0.0791015625
1 0.193359375 0.37890625 0.041015625 0.0556640625
1 0.3330078125 0.3798828125 0.0380859375 0.0380859375
0 0.662109375 0.39453125 0.0361328125 0.0361328125
1 0.4833984375 0.3994140625 0.0263671875 0.07421875
0 0.462890625 0.4013671875 0.021484375 0.033203125
0 0.5244140625 0.4052734375 0.029296875 0.052734375
1 0.62109375 0.4111328125 0.041015625 0.083984375
1 0.693359375 0.423828125 0.0263671875 0.0576171875
1 0.5517578125 0.4306640625 0.03125 0.0458984375
1 0.333984375 0.44140625 0.0361328125 0.10546875
1 0.5146484375 0.4443359375 0.0166015625 0.0478515625
1 0.5419921875 0.447265625 0.052734375 0.1298828125
1 0.2353515625 0.4521484375 0.0693359375 0.1494140625
1 0.466796875 0.490234375 0.0263671875 0.10546875
1 0.65234375 0.513671875 0.07421875 0.158203125
1 0.4013671875 0.5263671875 0.0888671875 0.25
