0 0.16015625 0.177734375 0.01953125 0.0263671875
0 0.212890625 0.1923828125 0.021484375 0.0244140625
0 0.2919921875 0.21875 0.0244140625 0.0478515625
0 0.341796875 0.2353515625 0.0263671875 0.0361328125
0 0.5107421875 0.19921875 0.0244140625 0.0361328125
0 0.5712890625 0.2958984375 0.033203125 0.04296875
0 0.4208984375 0.4072265625 0.03125 0.0263671875
0 0.376953125 0.642578125 0.0380859375 0.05078125
0 0.0625 0.572265625 0.0361328125 0.0458984375
1 0.1396484375 0.220703125 0.041015625 0.0625
1 0.201171875 0.2490234375 0.0263671875 0.0791015625
0 0.154296875 0.283203125 0.0244140625 0.0478515625
1 0.306640625 0.787109375 0.2431640625 0.23828125
1 0.8017578125 0.810546875 0.32421875 0.283203125
