0 0.40625 0.0625 0.05859375 0.060546875
0 0.5341796875 0.0185546875 0.056640625 0.037109375
0 0.6005859375 0.0244140625 0.068359375 0.048828125
1 0.4296875 0.197265625 0.166015625 0.318359375
1 0.451171875 0.23828125 0.0859375 0.126953125
1 0.55859375 0.1474609375 0.109375 0.169921875
1 0.6396484375 0.1328125 0.1328125 0.205078125
1 0.828125 0.0869140625 0.140625 0.173828125
1 0.2861328125 0.75 0.552734375 0.5
0 0.71875 0.5390625 0.158203125 0.10546875
1 0.7919921875 0.76953125 0.23828125 0.30859375
