1 0.4833984375 0.12890625 0.2978515625 0.2568359375
0 0.4677734375 0.322265625 0.36328125 0.64453125
1 0.8291015625 0.1396484375 0.1298828125 0.279296875
1 0.767578125 0.162109375 0.0263671875 0.1201171875
1 0.65234375 0.1728515625 0.0068359375 0.14453125
1 0.876953125 0.18359375 0.0478515625 0.20703125
1 0.73046875 0.189453125 0.052734375 0.1630859375
1 0.6943359375 0.19140625 0.091796875 0.28125
1 0.9599609375 0.3037109375 0.0791015625 0.46875
1 0.896484375 0.365234375 0.0576171875 0.2548828125
0 0.2509765625 0.6650390625 0.041015625 0.03125
0 0.3662109375 0.67578125 0.0244140625 0.0380859375
0 0.5615234375 0.677734375 0.0244140625 0.04296875
1 0.4443359375 0.7548828125 0.1005859375 0.2119140625
1 0.6162109375 0.7744140625 0.064453125 0.25
1 0.37109375 0.7802734375 0.052734375 0.154296875
1 0.5615234375 0.78125 0.0263671875 0.134765625
1 0.248046875 0.7919921875 0.0576171875 0.158203125
1 0.375 0.80859375 0.03125 0.0986328125
1 0.2548828125 0.81640625 0.0380859375 0.095703125
