1 0.2138671875 0.4072265625 0.259765625 0.3896484375
0 0.8212890625 0.076171875 0.0693359375 0.10546875
0 0.447265625 0.1611328125 0.0380859375 0.1396484375
0 0.61328125 0.21875 0.0625 0.123046875
1 0.4541015625 0.361328125 0.052734375 0.271484375
1 0.810546875 0.3798828125 0.13671875 0.3681640625
1 0.7236328125 0.419921875 0.0556640625 0.1494140625
1 0.478515625 0.435546875 0.033203125 0.1318359375
1 0.87109375 0.4462890625 0.05078125 0.208984375
1 0.529296875 0.45703125 0.04296875 0.1708984375
1 0.5927734375 0.451171875 0.1318359375 0.314453125
1 0.6416015625 0.45703125 0.052734375 0.2021484375
1 0.9638671875 0.572265625 0.072265625 0.072265625
1 0.4052734375 0.8037109375 0.0458984375 0.3916015625
1 0.2763671875 0.8037109375 0.2119140625 0.3916015625
1 0.7333984375 0.701171875 0.158203125 0.185546875
1 0.947265625 0.71484375 0.10546875 0.2138671875
