1 0.234375 0.23046875 0.232421875 0.267578125
0 0.716796875 0.0517578125 0.04296875 0.046875
0 0.6650390625 0.279296875 0.037109375 0.04296875
0 0.7451171875 0.314453125 0.029296875 0.046875
0 0.9501953125 0.09375 0.044921875 0.048828125
0 0.9814453125 0.2861328125 0.037109375 0.048828125
1 0.673828125 0.1025390625 0.07421875 0.109375
1 0.716796875 0.3212890625 0.0703125 0.13671875
1 0.916015625 0.1767578125 0.091796875 0.150390625
1 0.95703125 0.359375 0.06640625 0.1171875
1 0.1640625 0.6318359375 0.328125 0.326171875
0 0.197265625 0.380859375 0.22265625 0.107421875
0 0.919921875 0.578125 0.125 0.138671875
0 0.6796875 0.609375 0.150390625 0.25
