1 0.125 0.2353515625 0.25 0.25
0 0.0859375 0.017578125 0.171875 0.03515625
0 0.599609375 0.1005859375 0.0478515625 0.0986328125
0 0.98046875 0.103515625 0.0380859375 0.0673828125
0 0.7041015625 0.15625 0.04296875 0.0986328125
0 0.8369140625 0.1923828125 0.04296875 0.052734375
1 0.447265625 0.255859375 0.095703125 0.32421875
1 0.5791015625 0.2880859375 0.095703125 0.2548828125
1 0.9599609375 0.287109375 0.0791015625 0.228515625
1 0.6982421875 0.2958984375 0.0869140625 0.19921875
1 0.8193359375 0.3349609375 0.1005859375 0.166015625
0 0.4541015625 0.0146484375 0.0673828125 0.029296875
1 0.7900390625 0.7119140625 0.154296875 0.1513671875
0 0.787109375 0.578125 0.1201171875 0.0478515625
