1 0.2744140625 0.14453125 0.14453125 0.2880859375
1 0.578125 0.158203125 0.140625 0.31640625
1 0.35546875 0.6318359375 0.302734375 0.2451171875
0 0.9912109375 0.64453125 0.0166015625 0.0673828125
0 0.6572265625 0.662109375 0.0166015625 0.083984375
0 0.7568359375 0.7021484375 0.0380859375 0.08203125
0 0.8740234375 0.73046875 0.0380859375 0.052734375
1 0.6650390625 0.8271484375 0.03125 0.240234375
1 0.755859375 0.8388671875 0.083984375 0.1923828125
1 0.974609375 0.8388671875 0.05078125 0.240234375
1 0.869140625 0.900390625 0.09375 0.19921875
