0 0.376953125 0.064453125 0.109375 0.10546875
1 0.3623046875 0.25 0.173828125 0.244140625
1 0.9345703125 0.1064453125 0.091796875 0.212890625
0 0.2421875 0.771484375 0.40234375 0.45703125
0 0.7939453125 0.392578125 0.076171875 0.099609375
0 0.53515625 0.5361328125 0.060546875 0.103515625
0 0.9697265625 0.5107421875 0.060546875 0.111328125
0 0.66796875 0.5419921875 0.06640625 0.091796875
1 0.810546875 0.67578125 0.154296875 0.349609375
1 0.55859375 0.693359375 0.115234375 0.24609375
1 0.482421875 0.705078125 0.02734375 0.162109375
1 0.7529296875 0.7314453125 0.03515625 0.12109375
1 0.6357421875 0.751953125 0.02734375 0.14453125
1 0.6103515625 0.7607421875 0.0390625 0.107421875
1 0.86328125 0.74609375 0.0625 0.208984375
1 0.7177734375 0.76171875 0.064453125 0.166015625
1 0.5126953125 0.77734375 0.025390625 0.087890625
1 0.6767578125 0.767578125 0.123046875 0.287109375
1 0.94921875 0.794921875 0.1015625 0.3515625
1 0.8916015625 0.884765625 0.068359375 0.181640625
