1 0.19140625 0.2802734375 0.1943359375 0.23828125
0 0.6357421875 0.0205078125 0.0361328125 0.041015625
0 0.6240234375 0.25390625 0.03125 0.0380859375
0 0.708984375 0.2744140625 0.021484375 0.04296875
0 0.873046875 0.021484375 0.0380859375 0.04296875
0 0.9423828125 0.205078125 0.04296875 0.04296875
1 0.6025390625 0.078125 0.0576171875 0.1005859375
1 0.6826171875 0.2861328125 0.0478515625 0.1298828125
1 0.853515625 0.109375 0.0673828125 0.1416015625
1 0.92578125 0.2822265625 0.0478515625 0.1103515625
1 0.19140625 0.689453125 0.2861328125 0.28125
0 0.181640625 0.435546875 0.2138671875 0.072265625
0 0.9267578125 0.50390625 0.10546875 0.123046875
0 0.6962890625 0.576171875 0.1103515625 0.2353515625
