1 0.9228515625 0.1455078125 0.146484375 0.265625
1 0.8369140625 0.130859375 0.060546875 0.150390625
1 0.5947265625 0.13671875 0.029296875 0.1328125
1 0.9775390625 0.162109375 0.044921875 0.2109375
1 0.6416015625 0.1611328125 0.048828125 0.173828125
1 0.7041015625 0.1650390625 0.142578125 0.3203125
1 0.7548828125 0.1650390625 0.060546875 0.205078125
1 0.4677734375 0.7021484375 0.19921875 0.283203125
1 0.6640625 0.7724609375 0.173828125 0.16015625
0 0.6572265625 0.6298828125 0.115234375 0.05078125
