0 0.7255859375 0.3671875 0.044921875 0.046875
0 0.2509765625 0.3935546875 0.04296875 0.037109375
0 0.365234375 0.4013671875 0.025390625 0.0390625
0 0.5595703125 0.3974609375 0.025390625 0.04296875
1 0.4453125 0.40625 0.11328125 0.361328125
1 0.638671875 0.474609375 0.115234375 0.287109375
1 0.3740234375 0.505859375 0.05859375 0.15625
1 0.5634765625 0.5 0.03125 0.134765625
1 0.2509765625 0.5224609375 0.0625 0.16015625
1 0.3779296875 0.5341796875 0.03515625 0.099609375
1 0.2578125 0.5458984375 0.041015625 0.09765625
