0 0.3798828125 0.02734375 0.064453125 0.0546875
1 0.0546875 0.15234375 0.0859375 0.3046875
1 0.1884765625 0.142578125 0.134765625 0.28515625
1 0.08984375 0.169921875 0.03125 0.140625
1 0.1201171875 0.1923828125 0.048828125 0.123046875
1 0.232421875 0.21484375 0.03515625 0.1171875
1 0.2919921875 0.2392578125 0.0703125 0.181640625
1 0.3359375 0.2138671875 0.140625 0.2734375
1 0.3818359375 0.248046875 0.044921875 0.189453125
0 0.7158203125 0.193359375 0.451171875 0.38671875
1 0.6181640625 0.6748046875 0.544921875 0.650390625
0 0.9619140625 0.8388671875 0.037109375 0.08984375
