0 0.103515625 0.01171875 0.02734375 0.0234375
0 0.392578125 0.021484375 0.0263671875 0.04296875
0 0.220703125 0.037109375 0.029296875 0.0458984375
0 0.4619140625 0.046875 0.0263671875 0.0458984375
0 0.28515625 0.064453125 0.0263671875 0.0458984375
0 0.349609375 0.0791015625 0.021484375 0.03125
1 0.396484375 0.125 0.0556640625 0.1298828125
0 0.1005859375 0.1337890625 0.0625 0.158203125
1 0.4130859375 0.138671875 0.021484375 0.09375
1 0.21484375 0.1396484375 0.0380859375 0.1298828125
1 0.28125 0.1494140625 0.0478515625 0.115234375
1 0.189453125 0.1494140625 0.0263671875 0.0693359375
1 0.345703125 0.166015625 0.04296875 0.115234375
1 0.3642578125 0.166015625 0.01953125 0.072265625
1 0.458984375 0.166015625 0.0576171875 0.15625
1 0.3076171875 0.1728515625 0.0146484375 0.0478515625
1 0.322265625 0.17578125 0.0146484375 0.0625
1 0.2587890625 0.177734375 0.01171875 0.05078125
1 0.427734375 0.212890625 0.0166015625 0.072265625
1 0.4853515625 0.21484375 0.0244140625 0.064453125
1 0.9638671875 0.3056640625 0.072265625 0.2451171875
1 0.1767578125 0.6728515625 0.353515625 0.3271484375
