1 0.2119140625 0.181640625 0.197265625 0.2333984375
1 0.392578125 0.1923828125 0.251953125 0.2119140625
1 0.8857421875 0.1337890625 0.228515625 0.2666015625
1 0.37109375 0.44140625 0.2119140625 0.1875
0 0.69140625 0.306640625 0.0263671875 0.0166015625
0 0.53125 0.3291015625 0.021484375 0.0478515625
0 0.75 0.3369140625 0.03125 0.04296875
0 0.5869140625 0.3544921875 0.0244140625 0.04296875
0 0.6474609375 0.3681640625 0.01953125 0.0380859375
1 0.6943359375 0.39453125 0.04296875 0.1181640625
1 0.53515625 0.421875 0.03125 0.13671875
1 0.71484375 0.421875 0.01953125 0.0791015625
1 0.5888671875 0.42578125 0.05078125 0.1181640625
1 0.751953125 0.4423828125 0.0478515625 0.146484375
1 0.6650390625 0.447265625 0.0068359375 0.0625
1 0.6259765625 0.4482421875 0.01953125 0.0673828125
1 0.650390625 0.451171875 0.04296875 0.115234375
1 0.5634765625 0.458984375 0.0146484375 0.0478515625
1 0.609375 0.4619140625 0.0146484375 0.0556640625
1 0.6943359375 0.4013671875 0.052734375 0.1298828125
1 0.77734375 0.484375 0.021484375 0.052734375
1 0.724609375 0.486328125 0.0068359375 0.060546875
1 0.5361328125 0.4326171875 0.033203125 0.14453125
1 0.5888671875 0.4326171875 0.052734375 0.1103515625
1 0.6455078125 0.453125 0.0478515625 0.11328125
1 0.755859375 0.443359375 0.0576171875 0.1494140625
