1 0.166015625 0.2392578125 0.3173828125 0.2744140625
0 0.162109375 0.0244140625 0.1943359375 0.0478515625
0 0.3017578125 0.5224609375 0.07421875 0.1181640625
0 0.443359375 0.626953125 0.0673828125 0.1298828125
1 0.2646484375 0.79296875 0.1103515625 0.4130859375
1 0.4228515625 0.8115234375 0.115234375 0.32421875
1 0.197265625 0.84765625 0.0478515625 0.216796875
1 0.0830078125 0.7646484375 0.166015625 0.470703125
1 0.32421875 0.8681640625 0.021484375 0.1396484375
1 0.357421875 0.888671875 0.041015625 0.123046875
1 0.4697265625 0.90234375 0.0263671875 0.115234375
1 0.529296875 0.916015625 0.0576171875 0.16796875
1 0.53515625 0.880859375 0.0458984375 0.23828125
1 0.9248046875 0.546875 0.150390625 0.25
