0 0.181640625 0.1923828125 0.0361328125 0.0361328125
1 0.0068359375 0.1953125 0.013671875 0.07421875
0 0.04296875 0.203125 0.03125 0.052734375
1 0.140625 0.208984375 0.041015625 0.083984375
1 0.212890625 0.22265625 0.0263671875 0.0576171875
1 0.0712890625 0.228515625 0.03125 0.0458984375
1 0.033203125 0.2431640625 0.0166015625 0.0478515625
1 0.0615234375 0.2451171875 0.052734375 0.1298828125
1 0.171875 0.3115234375 0.07421875 0.1611328125
1 0.6005859375 0.3232421875 0.1826171875 0.251953125
0 0.568359375 0.078125 0.1181640625 0.07421875
1 0.09375 0.794921875 0.1875 0.314453125
1 0.66015625 0.669921875 0.1611328125 0.0791015625
