0 0.384765625 0.1123046875 0.123046875 0.21875
0 0.4609375 0.0263671875 0.0546875 0.05078125
0 0.4541015625 0.0732421875 0.03515625 0.072265625
0 0.4619140625 0.154296875 0.041015625 0.08203125
0 0.5654296875 0.1767578125 0.10546875 0.109375
0 0.583984375 0.1015625 0.076171875 0.07421875
0 0.7080078125 0.095703125 0.068359375 0.083984375
0 0.794921875 0.166015625 0.078125 0.09765625
0 0.8603515625 0.0322265625 0.068359375 0.064453125
0 0.953125 0.025390625 0.03125 0.05078125
1 0.47265625 0.3837890625 0.04296875 0.275390625
1 0.5498046875 0.396484375 0.177734375 0.248046875
1 0.71875 0.2900390625 0.142578125 0.26953125
1 0.8154296875 0.373046875 0.1484375 0.255859375
1 0.8876953125 0.216796875 0.134765625 0.2578125
1 0.966796875 0.197265625 0.04296875 0.2265625
0 0.837890625 0.5634765625 0.15625 0.14453125
