0 0.0380859375 0.158203125 0.041015625 0.0361328125
0 0.15234375 0.1708984375 0.0263671875 0.0380859375
0 0.34765625 0.1728515625 0.0263671875 0.04296875
1 0.23046875 0.177734375 0.1005859375 0.35546875
1 0.4228515625 0.25390625 0.10546875 0.28125
1 0.1572265625 0.275390625 0.052734375 0.154296875
1 0.34765625 0.2763671875 0.0263671875 0.134765625
1 0.033203125 0.287109375 0.0576171875 0.15625
1 0.1611328125 0.3037109375 0.03125 0.0986328125
1 0.041015625 0.3115234375 0.0380859375 0.09375
1 0.564453125 0.392578125 0.08203125 0.1708984375
1 0.533203125 0.4169921875 0.0673828125 0.123046875
1 0.84765625 0.3291015625 0.30078125 0.2978515625
1 0.630859375 0.3818359375 0.15625 0.1923828125
1 0.697265625 0.3857421875 0.1826171875 0.185546875
1 0.1552734375 0.5400390625 0.2861328125 0.123046875
