0 0.0205078125 0.16015625 0.041015625 0.05859375
0 0.1826171875 0.1005859375 0.044921875 0.05859375
1 0.0341796875 0.30859375 0.068359375 0.203125
1 0.1875 0.23828125 0.11328125 0.166015625
0 0.623046875 0.2626953125 0.126953125 0.142578125
0 0.40234375 0.681640625 0.033203125 0.048828125
0 0.689453125 0.5283203125 0.08984375 0.134765625
0 0.8251953125 0.419921875 0.09765625 0.099609375
0 0.798828125 0.615234375 0.04296875 0.044921875
1 0.40625 0.794921875 0.07421875 0.140625
1 0.501953125 0.8544921875 0.08984375 0.140625
1 0.5693359375 0.6630859375 0.16796875 0.25390625
1 0.8720703125 0.65234375 0.146484375 0.3359375
