0 0.3701171875 0.185546875 0.05859375 0.103515625
0 0.7490234375 0.2353515625 0.046875 0.072265625
0 0.466796875 0.25390625 0.0546875 0.103515625
0 0.59375 0.3056640625 0.048828125 0.056640625
0 0.89453125 0.3974609375 0.056640625 0.087890625
1 0.193359375 0.3359375 0.15234375 0.361328125
1 0.3271484375 0.369140625 0.12890625 0.265625
1 0.71484375 0.4169921875 0.125 0.23828125
1 0.4443359375 0.3916015625 0.111328125 0.208984375
1 0.556640625 0.4755859375 0.126953125 0.234375
1 0.8564453125 0.5908203125 0.125 0.275390625
0 0.2392578125 0.0634765625 0.07421875 0.07421875
