1 0.3046875 0.171875 0.259765625 0.31640625
0 0.3359375 0.5068359375 0.029296875 0.01953125
0 0.1640625 0.5498046875 0.03515625 0.037109375
0 0.2314453125 0.544921875 0.02734375 0.03515625
1 0.2861328125 0.580078125 0.078125 0.134765625
1 0.3046875 0.5908203125 0.037109375 0.09375
1 0.1103515625 0.6298828125 0.0625 0.134765625
1 0.1767578125 0.626953125 0.068359375 0.123046875
1 0.0869140625 0.6435546875 0.0390625 0.072265625
1 0.244140625 0.630859375 0.064453125 0.12109375
1 0.2607421875 0.626953125 0.033203125 0.07421875
1 0.35546875 0.6083984375 0.0859375 0.162109375
1 0.2080078125 0.6455078125 0.0234375 0.048828125
1 0.2216796875 0.64453125 0.025390625 0.0625
1 0.16015625 0.6591796875 0.021484375 0.0546875
1 0.3330078125 0.6611328125 0.02734375 0.07421875
1 0.390625 0.65234375 0.037109375 0.068359375
