0 0.0126953125 0.5458984375 0.025390625 0.048828125
0 0.095703125 0.5615234375 0.0390625 0.0390625
0 0.33984375 0.404296875 0.048828125 0.060546875
0 0.26171875 0.630859375 0.041015625 0.044921875
0 0.3369140625 0.673828125 0.033203125 0.046875
0 0.5654296875 0.4765625 0.048828125 0.056640625
0 0.5810546875 0.671875 0.052734375 0.052734375
0 0.9775390625 0.3935546875 0.044921875 0.056640625
1 0.2890625 0.4560546875 0.083984375 0.11328125
1 0.30859375 0.677734375 0.08203125 0.138671875
1 0.521484375 0.5546875 0.103515625 0.154296875
1 0.5439453125 0.7412109375 0.076171875 0.119140625
1 0.9599609375 0.4892578125 0.080078125 0.154296875
