0 0.4677734375 0.302734375 0.0859375 0.08984375
0 0.701171875 0.333984375 0.0390625 0.060546875
0 0.943359375 0.3447265625 0.06640625 0.064453125
0 0.33203125 0.412109375 0.05078125 0.07421875
0 0.4384765625 0.4169921875 0.025390625 0.041015625
0 0.5810546875 0.4228515625 0.033203125 0.044921875
1 0.7138671875 0.482421875 0.09375 0.201171875
1 0.3525390625 0.5693359375 0.1015625 0.232421875
1 0.5947265625 0.5478515625 0.076171875 0.162109375
1 0.943359375 0.5791015625 0.11328125 0.310546875
1 0.4833984375 0.6318359375 0.185546875 0.412109375
