1 0.2607421875 0.3017578125 0.296875 0.287109375
0 0.2626953125 0.060546875 0.220703125 0.095703125
0 0.6064453125 0.0634765625 0.166015625 0.126953125
0 0.80859375 0.0712890625 0.13671875 0.142578125
0 0.8876953125 0.05078125 0.130859375 0.1015625
1 0.57421875 0.3056640625 0.240234375 0.2109375
1 0.8583984375 0.30078125 0.2109375 0.1484375
0 0.2548828125 0.4833984375 0.1015625 0.064453125
1 0.2822265625 0.6611328125 0.185546875 0.216796875
1 0.6708984375 0.681640625 0.291015625 0.287109375
0 0.62890625 0.4462890625 0.220703125 0.099609375
