0 0.2568359375 0.0107421875 0.091796875 0.021484375
0 0.466796875 0.0693359375 0.10546875 0.115234375
0 0.5458984375 0.1611328125 0.0556640625 0.10546875
0 0.5947265625 0.146484375 0.0458984375 0.08203125
1 0.0400390625 0.3115234375 0.0791015625 0.501953125
1 0.09765625 0.291015625 0.0986328125 0.3173828125
1 0.27734375 0.2119140625 0.17578125 0.2978515625
1 0.4541015625 0.3349609375 0.1611328125 0.322265625
1 0.1357421875 0.8193359375 0.271484375 0.3603515625
0 0.8291015625 0.849609375 0.1083984375 0.1396484375
