0 0.08203125 0.1865234375 0.1015625 0.158203125
0 0.6923828125 0.142578125 0.07421875 0.087890625
0 0.400390625 0.1884765625 0.091796875 0.111328125
0 0.23046875 0.314453125 0.134765625 0.19921875
1 0.7099609375 0.3408203125 0.150390625 0.22265625
1 0.11328125 0.408203125 0.162109375 0.255859375
1 0.41796875 0.43359375 0.17578125 0.30078125
1 0.0615234375 0.48046875 0.095703125 0.1640625
1 0.017578125 0.5205078125 0.03515625 0.181640625
1 0.158203125 0.5283203125 0.09375 0.173828125
1 0.4853515625 0.51171875 0.09765625 0.220703125
1 0.2744140625 0.5419921875 0.21875 0.20703125
1 0.146484375 0.625 0.123046875 0.05859375
1 0.884765625 0.015625 0.1484375 0.03125
1 0.453125 0.978515625 0.21484375 0.04296875
0 0.4580078125 0.896484375 0.13671875 0.076171875
0 0.9140625 0.6142578125 0.171875 0.080078125
1 0.9208984375 0.8544921875 0.158203125 0.232421875
