0 0.1201171875 0.216796875 0.166015625 0.2265625
1 0.35546875 0.259765625 0.291015625 0.314453125
0 0.6298828125 0.2138671875 0.1015625 0.103515625
1 0.6015625 0.4345703125 0.21875 0.287109375
1 0.0771484375 0.73828125 0.154296875 0.1953125
0 0.72265625 0.658203125 0.08203125 0.076171875
0 0.8212890625 0.72265625 0.07421875 0.0703125
1 0.4814453125 0.8623046875 0.181640625 0.275390625
1 0.689453125 0.8525390625 0.162109375 0.291015625
1 0.7802734375 0.890625 0.166015625 0.21875
0 0.5380859375 0.671875 0.087890625 0.1015625
