0 0.4482421875 0.1171875 0.076171875 0.076171875
1 0.49609375 0.2578125 0.11328125 0.22265625
1 0.3642578125 0.1259765625 0.056640625 0.080078125
0 0.35546875 0.072265625 0.03125 0.037109375
0 0.7314453125 0.1708984375 0.076171875 0.078125
0 0.865234375 0.1962890625 0.072265625 0.068359375
0 0.5830078125 0.193359375 0.052734375 0.0625
1 0.60546875 0.3291015625 0.134765625 0.177734375
1 0.7802734375 0.31640625 0.14453125 0.236328125
1 0.9091796875 0.3359375 0.12890625 0.220703125
1 0.4970703125 0.82421875 0.353515625 0.3515625
1 0.197265625 0.75390625 0.08984375 0.060546875
