1 0.0380859375 0.2705078125 0.076171875 0.197265625
1 0.259765625 0.23046875 0.0869140625 0.197265625
1 0.537109375 0.21484375 0.083984375 0.2138671875
1 0.3837890625 0.1923828125 0.09375 0.16796875
1 0.099609375 0.0791015625 0.0576171875 0.11328125
1 0.20703125 0.09375 0.05078125 0.0791015625
0 0.78125 0.0537109375 0.15625 0.107421875
1 0.81640625 0.3505859375 0.1728515625 0.29296875
1 0.255859375 0.7880859375 0.375 0.3076171875
1 0.701171875 0.8740234375 0.2431640625 0.251953125
0 0.6787109375 0.6259765625 0.1826171875 0.083984375
