1 0.2021484375 0.4580078125 0.32421875 0.4296875
0 0.7421875 0.0419921875 0.0859375 0.083984375
0 0.3896484375 0.17578125 0.0625 0.14453125
0 0.5625 0.203125 0.08203125 0.1328125
1 0.4306640625 0.37109375 0.099609375 0.27734375
1 0.78515625 0.328125 0.19921875 0.38671875
1 0.7060546875 0.3818359375 0.080078125 0.15625
1 0.4677734375 0.4404296875 0.0546875 0.134765625
1 0.8564453125 0.3828125 0.0859375 0.21484375
1 0.521484375 0.4521484375 0.072265625 0.17578125
1 0.5830078125 0.435546875 0.18359375 0.33203125
1 0.6318359375 0.4326171875 0.087890625 0.208984375
1 0.9638671875 0.4892578125 0.072265625 0.083984375
1 0.458984375 0.80859375 0.11328125 0.3828125
1 0.33203125 0.8134765625 0.27734375 0.373046875
1 0.7646484375 0.6572265625 0.1875 0.2109375
1 0.953125 0.6337890625 0.09375 0.228515625
