1 0.107421875 0.3544921875 0.208984375 0.15234375
0 0.1123046875 0.20703125 0.126953125 0.06640625
1 0.7744140625 0.2294921875 0.451171875 0.455078125
0 0.0166015625 0.7265625 0.033203125 0.0625
0 0.1201171875 0.73828125 0.044921875 0.056640625
0 0.2294921875 0.740234375 0.0390625 0.048828125
0 0.2783203125 0.763671875 0.05078125 0.080078125
0 0.3603515625 0.75390625 0.05078125 0.083984375
0 0.4599609375 0.7451171875 0.044921875 0.0703125
1 0.0322265625 0.8974609375 0.064453125 0.173828125
1 0.115234375 0.8916015625 0.08984375 0.166015625
1 0.2265625 0.9033203125 0.115234375 0.17578125
1 0.3310546875 0.90234375 0.095703125 0.185546875
1 0.455078125 0.89453125 0.08203125 0.20703125
0 0.80078125 0.5869140625 0.091796875 0.078125
1 0.7822265625 0.849609375 0.162109375 0.30078125
