0 0.03125 0.134765625 0.0556640625 0.0556640625
0 0.2041015625 0.0849609375 0.04296875 0.0556640625
1 0.037109375 0.28515625 0.07421875 0.19921875
1 0.201171875 0.22265625 0.10546875 0.1611328125
0 0.6357421875 0.26953125 0.1201171875 0.13671875
0 0.392578125 0.67578125 0.03125 0.0478515625
0 0.6875 0.5380859375 0.083984375 0.1298828125
0 0.8291015625 0.4375 0.091796875 0.095703125
0 0.7919921875 0.630859375 0.041015625 0.04296875
1 0.390625 0.7900390625 0.0673828125 0.13671875
1 0.4833984375 0.8544921875 0.08203125 0.13671875
1 0.560546875 0.666015625 0.15625 0.2451171875
1 0.86328125 0.671875 0.1298828125 0.3291015625
