0 0.0869140625 0.2421875 0.138671875 0.189453125
1 0.3408203125 0.2529296875 0.244140625 0.283203125
0 0.505859375 0.068359375 0.068359375 0.0703125
0 0.873046875 0.0830078125 0.076171875 0.076171875
0 0.9716796875 0.1376953125 0.056640625 0.064453125
1 0.66015625 0.3359375 0.154296875 0.30078125
1 0.86328125 0.283203125 0.130859375 0.28515625
1 0.9462890625 0.337890625 0.107421875 0.265625
0 0.6904296875 0.123046875 0.080078125 0.09375
0 0.1689453125 0.5341796875 0.142578125 0.087890625
0 0.025390625 0.5419921875 0.05078125 0.130859375
1 0.240234375 0.607421875 0.349609375 0.23828125
1 0.0576171875 0.54296875 0.115234375 0.13671875
1 0.6396484375 0.5849609375 0.28515625 0.091796875
