1 0.1025390625 0.3681640625 0.2041015625 0.14453125
0 0.1025390625 0.220703125 0.125 0.0625
1 0.7734375 0.2197265625 0.453125 0.439453125
0 0.0205078125 0.744140625 0.041015625 0.060546875
0 0.12890625 0.7509765625 0.04296875 0.0556640625
0 0.23828125 0.75 0.0380859375 0.0478515625
0 0.2880859375 0.771484375 0.0478515625 0.0791015625
0 0.369140625 0.7587890625 0.0478515625 0.08203125
0 0.46875 0.74609375 0.04296875 0.0693359375
1 0.0380859375 0.9140625 0.076171875 0.171875
1 0.12890625 0.9052734375 0.083984375 0.1630859375
1 0.2412109375 0.9130859375 0.1083984375 0.1728515625
1 0.3447265625 0.908203125 0.0888671875 0.1826171875
1 0.46875 0.8955078125 0.07421875 0.2041015625
0 0.8037109375 0.576171875 0.0888671875 0.07421875
1 0.794921875 0.845703125 0.1513671875 0.3076171875
