0 0.216796875 0.25390625 0.033203125 0.046875
0 0.5048828125 0.224609375 0.03125 0.05078125
0 0.3369140625 0.2685546875 0.03515625 0.05078125
0 0.5751953125 0.2412109375 0.033203125 0.048828125
0 0.404296875 0.287109375 0.037109375 0.052734375
0 0.470703125 0.2900390625 0.025390625 0.03515625
1 0.5244140625 0.328125 0.076171875 0.13671875
0 0.2333984375 0.3828125 0.0859375 0.1640625
1 0.54296875 0.3388671875 0.03515625 0.095703125
1 0.3466796875 0.37109375 0.05859375 0.134765625
1 0.4140625 0.3701171875 0.064453125 0.12109375
1 0.3232421875 0.384765625 0.037109375 0.072265625
1 0.48046875 0.376953125 0.060546875 0.12109375
1 0.498046875 0.3740234375 0.03125 0.07421875
1 0.5927734375 0.3583984375 0.083984375 0.162109375
1 0.4443359375 0.3896484375 0.021484375 0.048828125
1 0.4580078125 0.3896484375 0.0234375 0.0625
1 0.3955078125 0.40234375 0.01953125 0.0546875
1 0.568359375 0.41015625 0.02734375 0.07421875
1 0.6259765625 0.4033203125 0.03515625 0.068359375
