0 0.43359375 0.5283203125 0.064453125 0.046875
1 0.5458984375 0.5302734375 0.0390625 0.037109375
1 0.61328125 0.53515625 0.048828125 0.041015625
1 0.521484375 0.517578125 0.02734375 0.015625
1 0.6767578125 0.546875 0.04296875 0.05859375
1 0.6953125 0.537109375 0.021484375 0.03515625
1 0.7890625 0.5625 0.064453125 0.078125
1 0.640625 0.5302734375 0.015625 0.02734375
1 0.654296875 0.53515625 0.015625 0.037109375
1 0.5908203125 0.53125 0.013671875 0.033203125
1 0.7587890625 0.5673828125 0.01953125 0.072265625
1 0.81640625 0.5732421875 0.02734375 0.06640625
