0 0.708984375 0.1318359375 0.080078125 0.111328125
0 0.3330078125 0.2578125 0.08203125 0.146484375
0 0.5166015625 0.294921875 0.076171875 0.130859375
1 0.162109375 0.4462890625 0.1875 0.41015625
1 0.3388671875 0.4580078125 0.154296875 0.283203125
1 0.0712890625 0.501953125 0.095703125 0.189453125
1 0.7294921875 0.4345703125 0.173828125 0.380859375
1 0.23828125 0.5009765625 0.060546875 0.185546875
1 0.6484375 0.4833984375 0.0703125 0.154296875
1 0.40625 0.5244140625 0.046875 0.134765625
1 0.2802734375 0.5400390625 0.046875 0.16015625
1 0.7978515625 0.494140625 0.072265625 0.212890625
1 0.4580078125 0.541015625 0.060546875 0.17578125
1 0.521484375 0.5341796875 0.1640625 0.3359375
1 0.5703125 0.529296875 0.07421875 0.208984375
1 0.953125 0.6064453125 0.09375 0.458984375
1 0.9169921875 0.69140625 0.103515625 0.2421875
0 0.150390625 0.1708984375 0.095703125 0.1640625
