1 0.19140625 0.357421875 0.271484375 0.2548828125
0 0.1982421875 0.123046875 0.2021484375 0.0888671875
0 0.6708984375 0.060546875 0.0361328125 0.052734375
0 0.6572265625 0.298828125 0.03125 0.0380859375
0 0.7431640625 0.3193359375 0.021484375 0.04296875
0 0.9072265625 0.0673828125 0.0380859375 0.0478515625
0 0.9755859375 0.2509765625 0.04296875 0.04296875
1 0.6357421875 0.1240234375 0.0576171875 0.1005859375
1 0.716796875 0.33203125 0.0478515625 0.1298828125
1 0.88671875 0.1552734375 0.0673828125 0.1416015625
1 0.958984375 0.328125 0.0478515625 0.1103515625
1 0.126953125 0.5869140625 0.25390625 0.154296875
1 0.734375 0.7451171875 0.220703125 0.19921875
0 0.7412109375 0.564453125 0.15625 0.072265625
