0 0.3486328125 0.1953125 0.052734375 0.1015625
0 0.7294921875 0.21875 0.041015625 0.068359375
0 0.4501953125 0.2568359375 0.048828125 0.1015625
0 0.580078125 0.2998046875 0.044921875 0.0546875
0 0.8857421875 0.37109375 0.052734375 0.083984375
1 0.1826171875 0.357421875 0.12890625 0.35546875
1 0.318359375 0.3818359375 0.111328125 0.259765625
1 0.708984375 0.40234375 0.111328125 0.232421875
1 0.4365234375 0.3955078125 0.09765625 0.203125
1 0.5556640625 0.4716796875 0.111328125 0.228515625
1 0.8623046875 0.56640625 0.107421875 0.271484375
0 0.2099609375 0.0830078125 0.0703125 0.0703125
