1 0.271484375 0.3125 0.357421875 0.365234375
0 0.5830078125 0.20703125 0.03125 0.0390625
0 0.666015625 0.208984375 0.0390625 0.05078125
0 0.724609375 0.20703125 0.056640625 0.056640625
1 0.458984375 0.7470703125 0.17578125 0.505859375
1 0.009765625 0.6982421875 0.01953125 0.341796875
1 0.2646484375 0.734375 0.345703125 0.521484375
1 0.076171875 0.724609375 0.15234375 0.5
1 0.125 0.736328125 0.203125 0.486328125
1 0.9169921875 0.7861328125 0.150390625 0.427734375
0 0.8955078125 0.83203125 0.173828125 0.162109375
