0 0.1875 0.0244140625 0.0263671875 0.0478515625
0 0.0146484375 0.0419921875 0.029296875 0.0458984375
0 0.2548828125 0.0517578125 0.0263671875 0.0458984375
0 0.078125 0.0693359375 0.029296875 0.0478515625
0 0.142578125 0.083984375 0.021484375 0.03125
1 0.189453125 0.1298828125 0.0556640625 0.126953125
1 0.20703125 0.142578125 0.01953125 0.09375
1 0.013671875 0.14453125 0.0263671875 0.1298828125
1 0.07421875 0.154296875 0.0478515625 0.115234375
1 0.1396484375 0.1708984375 0.04296875 0.115234375
1 0.1572265625 0.1708984375 0.01953125 0.072265625
1 0.251953125 0.1708984375 0.0576171875 0.15625
1 0.1005859375 0.177734375 0.0146484375 0.0478515625
1 0.115234375 0.1806640625 0.0146484375 0.0625
1 0.0517578125 0.1826171875 0.01171875 0.05078125
1 0.220703125 0.2177734375 0.0166015625 0.072265625
1 0.279296875 0.2197265625 0.0244140625 0.0625
1 0.9404296875 0.681640625 0.119140625 0.12890625
