1 0.1572265625 0.26953125 0.314453125 0.30078125
0 0.1220703125 0.0556640625 0.197265625 0.064453125
0 0.3046875 0.5400390625 0.083984375 0.125
0 0.455078125 0.6318359375 0.078125 0.134765625
1 0.2900390625 0.80078125 0.146484375 0.3984375
1 0.4501953125 0.8173828125 0.142578125 0.333984375
1 0.228515625 0.873046875 0.06640625 0.220703125
1 0.107421875 0.779296875 0.20703125 0.44140625
1 0.357421875 0.8818359375 0.033203125 0.140625
1 0.3916015625 0.8994140625 0.05078125 0.126953125
1 0.5048828125 0.9033203125 0.037109375 0.1171875
1 0.5654296875 0.912109375 0.072265625 0.171875
1 0.568359375 0.8759765625 0.06640625 0.2421875
1 0.9208984375 0.509765625 0.158203125 0.26171875
