1 0.2451171875 0.3232421875 0.314453125 0.306640625
0 0.2255859375 0.0830078125 0.22265625 0.111328125
0 0.56640625 0.0625 0.17578125 0.125
0 0.76953125 0.060546875 0.1484375 0.12109375
0 0.84375 0.0361328125 0.140625 0.072265625
1 0.5576171875 0.2998046875 0.251953125 0.2265625
1 0.83984375 0.2705078125 0.21875 0.1640625
0 0.2548828125 0.5048828125 0.10546875 0.072265625
1 0.2978515625 0.6796875 0.201171875 0.228515625
1 0.6865234375 0.666015625 0.30859375 0.3046875
0 0.6240234375 0.435546875 0.224609375 0.1171875
