0 0.4375 0.26953125 0.076171875 0.119140625
0 0.947265625 0.3212890625 0.064453125 0.09375
0 0.578125 0.3759765625 0.0703125 0.130859375
0 0.7392578125 0.4345703125 0.0625 0.099609375
1 0.3955078125 0.54296875 0.1171875 0.419921875
1 0.5546875 0.5595703125 0.12109375 0.326171875
1 0.91015625 0.5908203125 0.1328125 0.333984375
1 0.3271484375 0.591796875 0.05078125 0.216796875
1 0.205078125 0.5986328125 0.197265625 0.654296875
1 0.455078125 0.6142578125 0.0234375 0.140625
1 0.841796875 0.63671875 0.044921875 0.1640625
1 0.4873046875 0.6357421875 0.04296875 0.123046875
1 0.599609375 0.65234375 0.02734375 0.115234375
1 0.98046875 0.6611328125 0.03515625 0.18359375
1 0.66015625 0.6728515625 0.064453125 0.1796875
1 0.7041015625 0.67578125 0.12890625 0.32421875
1 0.7626953125 0.6787109375 0.05859375 0.1875
0 0.251953125 0.1064453125 0.146484375 0.13671875
