1 0.330078125 0.06640625 0.201171875 0.1171875
1 0.474609375 0.162109375 0.12109375 0.32421875
1 0.599609375 0.1357421875 0.171875 0.271484375
1 0.9033203125 0.1142578125 0.095703125 0.228515625
1 0.5126953125 0.177734375 0.05078125 0.140625
1 0.89453125 0.1123046875 0.076171875 0.16796875
1 0.5478515625 0.19140625 0.06640625 0.12890625
1 0.662109375 0.181640625 0.048828125 0.1171875
1 0.7265625 0.1875 0.095703125 0.185546875
1 0.7685546875 0.181640625 0.1875 0.33984375
1 0.8271484375 0.1708984375 0.09375 0.1953125
1 0.2919921875 0.58984375 0.306640625 0.20703125
