1 0.3525390625 0.0859375 0.134765625 0.171875
1 0.458984375 0.16796875 0.20703125 0.3359375
1 0.4736328125 0.2880859375 0.171875 0.318359375
0 0.662109375 0.076171875 0.203125 0.142578125
0 0.984375 0.1044921875 0.03125 0.130859375
1 0.6650390625 0.3642578125 0.26953125 0.275390625
0 0.1044921875 0.4775390625 0.181640625 0.08203125
1 0.123046875 0.73828125 0.24609375 0.31640625
0 0.666015625 0.6943359375 0.123046875 0.16015625
0 0.830078125 0.6279296875 0.08984375 0.08203125
0 0.947265625 0.6201171875 0.103515625 0.181640625
1 0.58984375 0.8505859375 0.20703125 0.298828125
1 0.8486328125 0.8486328125 0.154296875 0.302734375
