1 0.23046875 0.06640625 0.08203125 0.1328125
1 0.2353515625 0.2158203125 0.134765625 0.26171875
0 0.4453125 0.072265625 0.12890625 0.12890625
0 0.6123046875 0.107421875 0.12109375 0.138671875
0 0.7568359375 0.0615234375 0.12109375 0.076171875
0 0.9404296875 0.1103515625 0.119140625 0.119140625
1 0.4033203125 0.3564453125 0.20703125 0.255859375
1 0.578125 0.3779296875 0.19921875 0.26171875
1 0.724609375 0.3583984375 0.24609375 0.34375
1 0.9013671875 0.400390625 0.197265625 0.3125
1 0.0966796875 0.7734375 0.193359375 0.36328125
1 0.71484375 0.6103515625 0.154296875 0.19921875
