1 0.388671875 0.1396484375 0.22265625 0.279296875
0 0.33984375 0.466796875 0.02734375 0.015625
0 0.162109375 0.466796875 0.03125 0.033203125
0 0.228515625 0.478515625 0.0234375 0.033203125
1 0.2724609375 0.5263671875 0.0625 0.12890625
1 0.2890625 0.541015625 0.0234375 0.091796875
1 0.0908203125 0.53125 0.044921875 0.130859375
1 0.1552734375 0.544921875 0.0546875 0.1171875
1 0.064453125 0.5400390625 0.029296875 0.0703125
1 0.2197265625 0.564453125 0.048828125 0.1171875
1 0.2373046875 0.5654296875 0.0234375 0.072265625
1 0.3330078125 0.5703125 0.06640625 0.15625
1 0.181640625 0.5703125 0.017578125 0.048828125
1 0.1953125 0.5732421875 0.017578125 0.060546875
1 0.1318359375 0.572265625 0.013671875 0.052734375
1 0.2998046875 0.615234375 0.017578125 0.072265625
1 0.3564453125 0.62109375 0.02734375 0.06640625
