1 0.4052734375 0.1484375 0.345703125 0.296875
0 0.4306640625 0.3427734375 0.490234375 0.685546875
1 0.7470703125 0.1142578125 0.185546875 0.228515625
1 0.69140625 0.1142578125 0.05078125 0.123046875
1 0.5810546875 0.1484375 0.037109375 0.142578125
1 0.802734375 0.1123046875 0.08984375 0.212890625
1 0.6611328125 0.1484375 0.0859375 0.169921875
1 0.6259765625 0.158203125 0.1484375 0.294921875
1 0.908203125 0.224609375 0.17578125 0.44921875
1 0.859375 0.2861328125 0.109375 0.26171875
0 0.291015625 0.712890625 0.046875 0.0390625
0 0.4052734375 0.7001953125 0.03125 0.04296875
0 0.5966796875 0.6611328125 0.033203125 0.046875
1 0.4990234375 0.7607421875 0.142578125 0.228515625
1 0.6708984375 0.744140625 0.115234375 0.2578125
1 0.4326171875 0.80078125 0.083984375 0.162109375
1 0.619140625 0.7626953125 0.0546875 0.13671875
1 0.314453125 0.837890625 0.08984375 0.166015625
1 0.44140625 0.828125 0.05078125 0.103515625
1 0.326171875 0.8603515625 0.056640625 0.1015625
