0 0.056640625 0.1767578125 0.11328125 0.2431640625
0 0.3623046875 0.10546875 0.224609375 0.2109375
1 0.859375 0.205078125 0.28125 0.28125
0 0.408203125 0.560546875 0.2021484375 0.1826171875
0 0.5244140625 0.84765625 0.029296875 0.0556640625
0 0.8349609375 0.8056640625 0.064453125 0.0673828125
0 0.9619140625 0.85546875 0.0625 0.0576171875
0 0.685546875 0.798828125 0.04296875 0.0556640625
1 0.5322265625 0.94921875 0.0458984375 0.1005859375
1 0.6806640625 0.927734375 0.10546875 0.14453125
1 0.8544921875 0.921875 0.103515625 0.15625
1 0.9658203125 0.9482421875 0.068359375 0.103515625
