0 0.03515625 0.4228515625 0.0673828125 0.146484375
0 0.3017578125 0.30078125 0.0693359375 0.0771484375
0 0.42578125 0.2880859375 0.0380859375 0.0380859375
0 0.4736328125 0.3369140625 0.041015625 0.072265625
0 0.521484375 0.3603515625 0.0361328125 0.033203125
0 0.5712890625 0.333984375 0.04296875 0.041015625
0 0.6396484375 0.4208984375 0.072265625 0.07421875
0 0.74609375 0.3642578125 0.052734375 0.052734375
0 0.90234375 0.498046875 0.021484375 0.03125
0 0.8916015625 0.482421875 0.021484375 0.0244140625
0 0.8037109375 0.43359375 0.021484375 0.029296875
0 0.802734375 0.45703125 0.0166015625 0.01953125
1 0.2197265625 0.5615234375 0.23046875 0.322265625
1 0.4521484375 0.4306640625 0.07421875 0.154296875
1 0.669921875 0.61328125 0.103515625 0.2255859375
