0 0.095703125 0.1787109375 0.123046875 0.1953125
0 0.294921875 0.2197265625 0.1171875 0.162109375
0 0.8935546875 0.3349609375 0.080078125 0.091796875
0 0.6005859375 0.302734375 0.099609375 0.1171875
0 0.404296875 0.3818359375 0.150390625 0.2109375
1 0.859375 0.5302734375 0.166015625 0.232421875
1 0.1025390625 0.41015625 0.205078125 0.34765625
1 0.2666015625 0.4423828125 0.181640625 0.265625
1 0.5546875 0.544921875 0.19921875 0.310546875
1 0.1982421875 0.498046875 0.107421875 0.169921875
1 0.09765625 0.5185546875 0.14453125 0.197265625
1 0.279296875 0.568359375 0.107421875 0.1796875
1 0.5986328125 0.6494140625 0.119140625 0.24609375
1 0.3681640625 0.7294921875 0.2734375 0.451171875
1 0.234375 0.712890625 0.142578125 0.171875
1 0.37890625 0.8544921875 0.212890625 0.28515625
