0 0.2138671875 0.39453125 0.0673828125 0.0625
0 0.1884765625 0.43359375 0.0693359375 0.0625
0 0.1630859375 0.48828125 0.0791015625 0.0673828125
0 0.1650390625 0.568359375 0.083984375 0.0791015625
0 0.2900390625 0.59765625 0.0986328125 0.103515625
0 0.3134765625 0.5244140625 0.072265625 0.0693359375
0 0.4375 0.52734375 0.0625 0.0791015625
0 0.51953125 0.603515625 0.072265625 0.09375
0 0.5947265625 0.46875 0.0625 0.07421875
0 0.642578125 0.38671875 0.0673828125 0.060546875
0 0.7119140625 0.462890625 0.0693359375 0.0791015625
0 0.8212890625 0.427734375 0.0556640625 0.0625
0 0.76171875 0.61328125 0.0888671875 0.103515625
1 0.140625 0.8056640625 0.1103515625 0.2880859375
1 0.259765625 0.8486328125 0.1611328125 0.302734375
1 0.43359375 0.720703125 0.125 0.26171875
1 0.525390625 0.8212890625 0.1318359375 0.2646484375
1 0.6083984375 0.66015625 0.1181640625 0.25
1 0.765625 0.8544921875 0.154296875 0.2861328125
1 0.7138671875 0.646484375 0.0771484375 0.2255859375
