0 0.59765625 0.0419921875 0.0166015625 0.0556640625
0 0.6943359375 0.041015625 0.0380859375 0.0458984375
0 0.7451171875 0.0625 0.0478515625 0.0791015625
0 0.826171875 0.048828125 0.0478515625 0.08203125
0 0.92578125 0.037109375 0.04296875 0.0693359375
1 0.6083984375 0.1943359375 0.0380859375 0.1630859375
1 0.6982421875 0.2041015625 0.1103515625 0.1728515625
1 0.802734375 0.212890625 0.0888671875 0.20703125
1 0.92578125 0.1865234375 0.07421875 0.2041015625
1 0.1494140625 0.86328125 0.228515625 0.2041015625
0 0.1572265625 0.685546875 0.13671875 0.0673828125
1 0.8955078125 0.611328125 0.208984375 0.166015625
