1 0.2158203125 0.40234375 0.265625 0.39453125
0 0.8291015625 0.08203125 0.0703125 0.107421875
0 0.453125 0.16015625 0.041015625 0.140625
0 0.6181640625 0.220703125 0.064453125 0.125
1 0.4560546875 0.3603515625 0.056640625 0.271484375
1 0.8125 0.3857421875 0.142578125 0.37109375
1 0.724609375 0.423828125 0.05859375 0.150390625
1 0.4794921875 0.435546875 0.03515625 0.1328125
1 0.8720703125 0.453125 0.0546875 0.208984375
1 0.5302734375 0.4580078125 0.046875 0.171875
1 0.59375 0.453125 0.13671875 0.31640625
1 0.642578125 0.4599609375 0.056640625 0.203125
1 0.962890625 0.580078125 0.07421875 0.07421875
1 0.400390625 0.8017578125 0.052734375 0.392578125
1 0.271484375 0.7998046875 0.21875 0.39453125
1 0.7294921875 0.705078125 0.162109375 0.1875
1 0.943359375 0.72265625 0.109375 0.21484375
