1 0.0576171875 0.1923828125 0.115234375 0.134765625
0 0.0283203125 0.1103515625 0.056640625 0.029296875
1 0.8359375 0.1064453125 0.19921875 0.212890625
1 0.3984375 0.0927734375 0.080078125 0.166015625
1 0.6689453125 0.138671875 0.365234375 0.27734375
1 0.44921875 0.1259765625 0.18359375 0.251953125
1 0.51953125 0.1494140625 0.2421875 0.298828125
1 0.4228515625 0.583984375 0.197265625 0.259765625
0 0.3837890625 0.3798828125 0.13671875 0.095703125
0 0.751953125 0.5458984375 0.130859375 0.12890625
1 0.6796875 0.646484375 0.21875 0.263671875
1 0.900390625 0.6728515625 0.19921875 0.263671875
