1 0.35546875 0.201171875 0.10546875 0.2763671875
0 0.169921875 0.84765625 0.0576171875 0.1005859375
0 0.1728515625 0.759765625 0.0380859375 0.0576171875
0 0.244140625 0.638671875 0.0146484375 0.0263671875
0 0.2587890625 0.5380859375 0.0166015625 0.021484375
1 0.091796875 0.7099609375 0.0380859375 0.09375
1 0.15625 0.662109375 0.0263671875 0.072265625
0 0.517578125 0.5986328125 0.19921875 0.2451171875
0 0.8662109375 0.498046875 0.2255859375 0.271484375
1 0.5517578125 0.9365234375 0.2861328125 0.126953125
1 0.865234375 0.90234375 0.26953125 0.1943359375
