1 0.0830078125 0.4228515625 0.166015625 0.1728515625
1 0.2548828125 0.3759765625 0.20703125 0.2666015625
0 0.974609375 0.216796875 0.05078125 0.091796875
0 0.62109375 0.27734375 0.0458984375 0.126953125
0 0.7744140625 0.333984375 0.060546875 0.0986328125
1 0.623046875 0.4052734375 0.0478515625 0.208984375
1 0.9423828125 0.4150390625 0.115234375 0.189453125
1 0.8798828125 0.48046875 0.04296875 0.0576171875
1 0.7412109375 0.4619140625 0.123046875 0.095703125
1 0.287109375 0.748046875 0.3056640625 0.4755859375
1 0.0693359375 0.55859375 0.0869140625 0.0986328125
0 0.9453125 0.5986328125 0.109375 0.181640625
1 0.9580078125 0.892578125 0.083984375 0.2138671875
