0 0.115234375 0.0927734375 0.076171875 0.056640625
1 0.1611328125 0.36328125 0.208984375 0.388671875
1 0.0849609375 0.419921875 0.0859375 0.158203125
1 0.2353515625 0.4140625 0.09375 0.21484375
1 0.0302734375 0.4736328125 0.060546875 0.326171875
1 0.0302734375 0.47265625 0.060546875 0.2109375
1 0.69921875 0.3671875 0.474609375 0.451171875
1 0.416015625 0.40625 0.154296875 0.265625
0 0.390625 0.2080078125 0.09375 0.103515625
1 0.84375 0.861328125 0.28515625 0.201171875
0 0.818359375 0.6767578125 0.20703125 0.123046875
