1 0.3798828125 0.2158203125 0.36328125 0.38671875
1 0.103515625 0.1181640625 0.099609375 0.14453125
1 0.1826171875 0.115234375 0.0703125 0.1171875
0 0.1123046875 0.015625 0.041015625 0.03125
0 0.1787109375 0.041015625 0.025390625 0.033203125
1 0.01953125 0.4833984375 0.0390625 0.138671875
1 0.0849609375 0.3876953125 0.15625 0.09375
1 0.3779296875 0.453125 0.146484375 0.142578125
0 0.5244140625 0.4716796875 0.056640625 0.125
0 0.7119140625 0.5341796875 0.103515625 0.107421875
0 0.9052734375 0.65625 0.12109375 0.12890625
0 0.955078125 0.75390625 0.041015625 0.10546875
1 0.4755859375 0.79296875 0.09375 0.4140625
1 0.5087890625 0.8232421875 0.142578125 0.328125
1 0.6982421875 0.7705078125 0.21484375 0.3203125
1 0.8564453125 0.873046875 0.201171875 0.25390625
