1 0.0458984375 0.2548828125 0.083984375 0.19921875
1 0.26953125 0.22265625 0.09375 0.19921875
1 0.546875 0.216796875 0.091796875 0.216796875
1 0.39453125 0.1884765625 0.099609375 0.171875
1 0.1142578125 0.0654296875 0.0625 0.115234375
1 0.2216796875 0.083984375 0.052734375 0.080078125
0 0.796875 0.0634765625 0.16015625 0.11328125
1 0.8212890625 0.361328125 0.18359375 0.298828125
1 0.24609375 0.779296875 0.384765625 0.3203125
1 0.6884765625 0.875 0.251953125 0.25
0 0.673828125 0.6318359375 0.185546875 0.08984375
