1 0.1865234375 0.474609375 0.2041015625 0.48828125
0 0.8896484375 0.2958984375 0.04296875 0.0458984375
0 0.4130859375 0.3056640625 0.041015625 0.0361328125
0 0.52734375 0.3173828125 0.0244140625 0.0380859375
0 0.72265625 0.3193359375 0.0263671875 0.04296875
1 0.607421875 0.32421875 0.1005859375 0.3583984375
1 0.7978515625 0.400390625 0.10546875 0.28125
1 0.5322265625 0.421875 0.052734375 0.154296875
1 0.72265625 0.4228515625 0.0263671875 0.134765625
1 0.408203125 0.43359375 0.0576171875 0.15625
1 0.5361328125 0.451171875 0.03125 0.0986328125
1 0.416015625 0.4580078125 0.0380859375 0.095703125
