0 0.265625 0.080078125 0.08203125 0.103515625
0 0.5419921875 0.23046875 0.068359375 0.09765625
0 0.3828125 0.2138671875 0.064453125 0.08203125
0 0.591796875 0.275390625 0.052734375 0.0703125
0 0.458984375 0.2490234375 0.044921875 0.05859375
0 0.6552734375 0.3251953125 0.0625 0.099609375
1 0.19921875 0.2998046875 0.169921875 0.3046875
0 0.7998046875 0.4658203125 0.07421875 0.076171875
1 0.5654296875 0.412109375 0.091796875 0.193359375
1 0.4228515625 0.3798828125 0.107421875 0.201171875
1 0.49609375 0.408203125 0.15234375 0.26953125
1 0.6123046875 0.4580078125 0.13671875 0.248046875
1 0.3330078125 0.41015625 0.154296875 0.279296875
1 0.7412109375 0.6455078125 0.169921875 0.287109375
