1 0.1875 0.4638671875 0.220703125 0.494140625
0 0.896484375 0.3095703125 0.044921875 0.046875
0 0.419921875 0.302734375 0.04296875 0.037109375
0 0.5341796875 0.318359375 0.025390625 0.0390625
0 0.728515625 0.3271484375 0.02734375 0.04296875
1 0.61328125 0.328125 0.11328125 0.361328125
1 0.80078125 0.4111328125 0.115234375 0.28515625
1 0.53515625 0.4228515625 0.05859375 0.15625
1 0.7255859375 0.4306640625 0.03125 0.134765625
1 0.41015625 0.4306640625 0.0625 0.158203125
1 0.5380859375 0.4521484375 0.03515625 0.099609375
1 0.41796875 0.455078125 0.041015625 0.09765625
