0 0.076171875 0.3798828125 0.0380859375 0.0458984375
0 0.1923828125 0.3525390625 0.033203125 0.0361328125
0 0.2919921875 0.36328125 0.033203125 0.0380859375
0 0.3759765625 0.359375 0.0361328125 0.0478515625
0 0.435546875 0.353515625 0.052734375 0.052734375
0 0.681640625 0.181640625 0.064453125 0.11328125
1 0.712890625 0.3447265625 0.126953125 0.228515625
1 0.2138671875 0.7568359375 0.220703125 0.1943359375
0 0.212890625 0.5693359375 0.1318359375 0.0556640625
1 0.82421875 0.7294921875 0.3505859375 0.541015625
