1 0.0244140625 0.376953125 0.0478515625 0.0625
1 0.015625 0.44921875 0.03125 0.0771484375
1 0.615234375 0.330078125 0.23046875 0.2666015625
0 0.5869140625 0.08984375 0.1728515625 0.0791015625
1 0.2197265625 0.962890625 0.13671875 0.07421875
0 0.568359375 0.6494140625 0.0478515625 0.095703125
0 0.951171875 0.6513671875 0.0380859375 0.0673828125
0 0.6728515625 0.7041015625 0.04296875 0.095703125
0 0.8056640625 0.740234375 0.04296875 0.052734375
1 0.5478515625 0.8369140625 0.095703125 0.2548828125
1 0.9384765625 0.8369140625 0.095703125 0.23046875
1 0.6669921875 0.84375 0.0869140625 0.19921875
1 0.7880859375 0.900390625 0.1005859375 0.19921875
