1 0.3193359375 0.171875 0.177734375 0.2666015625
0 0.10546875 0.1943359375 0.126953125 0.2451171875
1 0.6650390625 0.44921875 0.2763671875 0.216796875
1 0.927734375 0.4365234375 0.14453125 0.2431640625
0 0.623046875 0.1337890625 0.1923828125 0.2666015625
0 0.9189453125 0.0537109375 0.123046875 0.107421875
0 0.978515625 0.21484375 0.04296875 0.15625
1 0.30859375 0.806640625 0.19921875 0.38671875
1 0.6494140625 0.7177734375 0.158203125 0.3193359375
1 0.9052734375 0.732421875 0.189453125 0.3486328125
