0 0.58984375 0.015625 0.0703125 0.03125
0 0.1455078125 0.0419921875 0.087890625 0.083984375
1 0.544921875 0.173828125 0.185546875 0.240234375
1 0.2392578125 0.1572265625 0.224609375 0.314453125
1 0.2724609375 0.265625 0.140625 0.24609375
1 0.0947265625 0.3203125 0.189453125 0.41015625
1 0.07421875 0.419921875 0.1484375 0.21875
1 0.939453125 0.37109375 0.12109375 0.27734375
1 0.171875 0.716796875 0.34375 0.40625
1 0.7587890625 0.9345703125 0.275390625 0.130859375
0 0.82421875 0.830078125 0.169921875 0.119140625
