0 0.5693359375 0.0576171875 0.0546875 0.056640625
0 0.708984375 0.0546875 0.0546875 0.0546875
0 0.771484375 0.076171875 0.0625 0.078125
1 0.54296875 0.1923828125 0.142578125 0.314453125
1 0.5478515625 0.23828125 0.078125 0.123046875
1 0.681640625 0.1923828125 0.09765625 0.166015625
1 0.76171875 0.20703125 0.1171875 0.201171875
1 0.9482421875 0.2177734375 0.103515625 0.201171875
0 0.9677734375 0.0732421875 0.064453125 0.033203125
1 0.2255859375 0.7021484375 0.451171875 0.568359375
0 0.6904296875 0.6142578125 0.154296875 0.09375
1 0.6748046875 0.853515625 0.216796875 0.29296875
