1 0.1953125 0.197265625 0.208984375 0.244140625
1 0.376953125 0.1982421875 0.263671875 0.224609375
1 0.865234375 0.1259765625 0.2421875 0.251953125
1 0.3681640625 0.4482421875 0.220703125 0.19921875
0 0.6806640625 0.296875 0.02734375 0.017578125
0 0.5224609375 0.328125 0.0234375 0.048828125
0 0.7412109375 0.32421875 0.033203125 0.044921875
0 0.5791015625 0.3505859375 0.02734375 0.044921875
0 0.640625 0.3603515625 0.021484375 0.0390625
1 0.6884765625 0.384765625 0.048828125 0.12109375
1 0.53125 0.419921875 0.0390625 0.138671875
1 0.7109375 0.4111328125 0.0234375 0.080078125
1 0.5849609375 0.4208984375 0.056640625 0.12109375
1 0.7490234375 0.4296875 0.0546875 0.1484375
1 0.662109375 0.4384765625 0.009765625 0.0625
1 0.623046875 0.44140625 0.0234375 0.068359375
1 0.6474609375 0.443359375 0.048828125 0.1171875
1 0.5615234375 0.4560546875 0.017578125 0.048828125
1 0.607421875 0.4560546875 0.017578125 0.056640625
1 0.6884765625 0.3916015625 0.05859375 0.1328125
1 0.7763671875 0.4697265625 0.0234375 0.0546875
1 0.7236328125 0.474609375 0.009765625 0.060546875
1 0.5322265625 0.4306640625 0.041015625 0.146484375
1 0.5849609375 0.427734375 0.05859375 0.11328125
1 0.642578125 0.4453125 0.0546875 0.115234375
1 0.7529296875 0.4296875 0.064453125 0.15234375
