0 0.12109375 0.259765625 0.0380859375 0.0458984375
0 0.23828125 0.232421875 0.033203125 0.0361328125
0 0.337890625 0.2431640625 0.033203125 0.0380859375
0 0.421875 0.2392578125 0.0361328125 0.0478515625
1 0.576171875 0.2880859375 0.1318359375 0.1396484375
0 0.466796875 0.20703125 0.033203125 0.0771484375
0 0.537109375 0.158203125 0.064453125 0.0888671875
0 0.6103515625 0.166015625 0.072265625 0.072265625
1 0.310546875 0.65234375 0.279296875 0.40625
0 0.85546875 0.4306640625 0.1630859375 0.14453125
