0 0.0322265625 0.3603515625 0.064453125 0.10546875
0 0.130859375 0.3583984375 0.07421875 0.083984375
0 0.1982421875 0.43359375 0.060546875 0.07421875
0 0.3173828125 0.3798828125 0.0478515625 0.0576171875
0 0.4697265625 0.396484375 0.041015625 0.052734375
0 0.5244140625 0.4130859375 0.0361328125 0.0458984375
0 0.587890625 0.43359375 0.041015625 0.04296875
0 0.6708984375 0.396484375 0.041015625 0.04296875
0 0.7119140625 0.43359375 0.0478515625 0.0693359375
0 0.84765625 0.46875 0.0693359375 0.07421875
