1 0.423828125 0.0400390625 0.189453125 0.0791015625
0 0.859375 0.025390625 0.060546875 0.05078125
1 0.546875 0.162109375 0.0556640625 0.32421875
1 0.6767578125 0.146484375 0.11328125 0.29296875
1 0.9853515625 0.1611328125 0.029296875 0.322265625
1 0.5791015625 0.1875 0.021484375 0.1396484375
1 0.966796875 0.203125 0.04296875 0.1630859375
1 0.611328125 0.2080078125 0.041015625 0.123046875
1 0.724609375 0.22265625 0.0263671875 0.11328125
1 0.7861328125 0.2412109375 0.060546875 0.177734375
1 0.8291015625 0.244140625 0.123046875 0.322265625
1 0.888671875 0.24609375 0.0556640625 0.1875
1 0.27734375 0.544921875 0.28125 0.1513671875
