1 0.728515625 0.0283203125 0.017578125 0.015625
1 0.0263671875 0.7626953125 0.052734375 0.232421875
1 0.1640625 0.794921875 0.236328125 0.203125
1 0.4619140625 0.3017578125 0.130859375 0.1484375
0 0.02734375 0.5791015625 0.0546875 0.087890625
0 0.7431640625 0.39453125 0.0546875 0.07421875
0 0.564453125 0.3828125 0.044921875 0.046875
0 0.6708984375 0.404296875 0.03515625 0.041015625
1 0.6142578125 0.4130859375 0.05078125 0.083984375
1 0.5234375 0.421875 0.037109375 0.05859375
1 0.658203125 0.4375 0.041015625 0.041015625
0 0.9814453125 0.486328125 0.037109375 0.0390625
1 0.8056640625 0.4716796875 0.033203125 0.076171875
0 0.78515625 0.4716796875 0.025390625 0.03515625
0 0.845703125 0.482421875 0.037109375 0.056640625
1 0.94140625 0.498046875 0.048828125 0.087890625
1 0.8701171875 0.509765625 0.03515625 0.048828125
1 0.65234375 0.498046875 0.046875 0.109375
1 0.83203125 0.5205078125 0.021484375 0.048828125
1 0.8583984375 0.5263671875 0.06640625 0.134765625
1 0.552734375 0.4990234375 0.083984375 0.15625
1 0.7783203125 0.560546875 0.037109375 0.107421875
1 0.9580078125 0.6005859375 0.083984375 0.1640625
1 0.7109375 0.58984375 0.115234375 0.2578125
