1 0.1728515625 0.1083984375 0.064453125 0.125
1 0.1982421875 0.255859375 0.1005859375 0.25
0 0.38671875 0.083984375 0.115234375 0.11328125
0 0.556640625 0.095703125 0.10546875 0.125
0 0.693359375 0.0302734375 0.11328125 0.060546875
0 0.88671875 0.0517578125 0.115234375 0.103515625
1 0.3837890625 0.37109375 0.17578125 0.2333984375
1 0.560546875 0.3681640625 0.16796875 0.240234375
1 0.703125 0.328125 0.2041015625 0.3193359375
1 0.90234375 0.34375 0.1943359375 0.2880859375
1 0.1064453125 0.8310546875 0.212890625 0.337890625
1 0.728515625 0.5791015625 0.1298828125 0.1826171875
