0 0.013671875 0.572265625 0.02734375 0.046875
0 0.099609375 0.5830078125 0.037109375 0.037109375
0 0.3349609375 0.4130859375 0.046875 0.05859375
0 0.2685546875 0.642578125 0.0390625 0.044921875
0 0.3466796875 0.681640625 0.03125 0.046875
0 0.564453125 0.47265625 0.048828125 0.0546875
0 0.58984375 0.6669921875 0.05078125 0.05078125
0 0.97265625 0.3701171875 0.048828125 0.0546875
1 0.287109375 0.466796875 0.078125 0.111328125
1 0.318359375 0.6875 0.076171875 0.13671875
1 0.5244140625 0.5537109375 0.09765625 0.15234375
1 0.556640625 0.73828125 0.072265625 0.119140625
1 0.9609375 0.46484375 0.078125 0.15234375
