0 0.45703125 0.3134765625 0.0625 0.078125
0 0.28125 0.27734375 0.05078125 0.05078125
0 0.384765625 0.3125 0.0390625 0.044921875
1 0.3271484375 0.3134765625 0.060546875 0.087890625
1 0.2314453125 0.30859375 0.052734375 0.064453125
1 0.3671875 0.3427734375 0.046875 0.046875
0 0.6826171875 0.4365234375 0.04296875 0.04296875
1 0.5078125 0.3984375 0.04296875 0.078125
0 0.48828125 0.3955078125 0.029296875 0.037109375
0 0.546875 0.4140625 0.041015625 0.05859375
1 0.638671875 0.443359375 0.060546875 0.091796875
1 0.7060546875 0.47265625 0.0390625 0.0625
1 0.5673828125 0.4453125 0.041015625 0.052734375
1 0.353515625 0.4033203125 0.060546875 0.111328125
1 0.52734375 0.44921875 0.02734375 0.05078125
1 0.5537109375 0.458984375 0.08203125 0.138671875
1 0.2548828125 0.3896484375 0.103515625 0.162109375
1 0.4697265625 0.482421875 0.05078125 0.109375
1 0.64453125 0.5498046875 0.109375 0.171875
1 0.3974609375 0.501953125 0.146484375 0.263671875
