0 0.05859375 0.3359375 0.09375 0.15625
0 0.34375 0.2666015625 0.08203125 0.08984375
0 0.4677734375 0.27734375 0.044921875 0.044921875
0 0.5048828125 0.3349609375 0.0546875 0.078125
0 0.5478515625 0.3671875 0.041015625 0.0390625
0 0.6015625 0.3505859375 0.05078125 0.048828125
0 0.65234375 0.44921875 0.0859375 0.0859375
0 0.767578125 0.4140625 0.0625 0.0625
0 0.8955078125 0.5751953125 0.02734375 0.03515625
0 0.8876953125 0.5576171875 0.025390625 0.02734375
0 0.810546875 0.4931640625 0.02734375 0.033203125
0 0.8056640625 0.515625 0.01953125 0.021484375
1 0.212890625 0.5068359375 0.287109375 0.359375
1 0.4658203125 0.4228515625 0.1015625 0.166015625
1 0.6455078125 0.6435546875 0.14453125 0.240234375
