1 0.1884765625 0.1123046875 0.111328125 0.201171875
1 0.291015625 0.095703125 0.095703125 0.16796875
1 0.376953125 0.1103515625 0.072265625 0.17578125
0 0.5947265625 0.048828125 0.068359375 0.072265625
0 0.7177734375 0.1083984375 0.06640625 0.0625
0 0.4453125 0.0322265625 0.046875 0.05859375
1 0.443359375 0.1689453125 0.09375 0.166015625
1 0.60546875 0.201171875 0.119140625 0.23046875
1 0.724609375 0.25390625 0.10546875 0.212890625
1 0.01953125 0.810546875 0.0390625 0.25390625
0 0.0234375 0.5869140625 0.046875 0.126953125
1 0.47265625 0.6982421875 0.251953125 0.576171875
1 0.7275390625 0.5888671875 0.18359375 0.3203125
1 0.931640625 0.6279296875 0.13671875 0.365234375
