0 0.3994140625 0.1455078125 0.0263671875 0.03125
0 0.6728515625 0.1455078125 0.0263671875 0.033203125
0 0.51171875 0.17578125 0.021484375 0.0478515625
0 0.73046875 0.1826171875 0.03125 0.04296875
0 0.5673828125 0.201171875 0.0263671875 0.04296875
0 0.62890625 0.2138671875 0.01953125 0.0380859375
1 0.67578125 0.240234375 0.04296875 0.1181640625
1 0.5068359375 0.267578125 0.0478515625 0.13671875
1 0.6962890625 0.267578125 0.01953125 0.0791015625
1 0.40234375 0.26953125 0.060546875 0.1318359375
1 0.5693359375 0.271484375 0.05078125 0.1181640625
1 0.48046875 0.2861328125 0.021484375 0.0791015625
1 0.7333984375 0.2861328125 0.0478515625 0.14453125
1 0.6455078125 0.29296875 0.0068359375 0.0625
1 0.607421875 0.294921875 0.01953125 0.0673828125
1 0.630859375 0.296875 0.04296875 0.115234375
1 0.544921875 0.3056640625 0.0146484375 0.0458984375
1 0.58984375 0.3076171875 0.0146484375 0.0556640625
1 0.67578125 0.248046875 0.052734375 0.1298828125
1 0.7587890625 0.330078125 0.021484375 0.052734375
1 0.7041015625 0.330078125 0.0048828125 0.0556640625
1 0.50390625 0.279296875 0.060546875 0.14453125
1 0.5693359375 0.279296875 0.052734375 0.1103515625
1 0.6259765625 0.298828125 0.0458984375 0.11328125
1 0.40234375 0.2724609375 0.0693359375 0.1416015625
1 0.7353515625 0.2861328125 0.0576171875 0.14453125
1 0.21875 0.689453125 0.2978515625 0.6201171875
0 0.4482421875 0.5068359375 0.1611328125 0.1728515625
0 0.9521484375 0.4150390625 0.095703125 0.11328125
1 0.458984375 0.8505859375 0.1826171875 0.2978515625
1 0.9296875 0.7529296875 0.140625 0.494140625
