1 0.2275390625 0.17578125 0.3671875 0.333984375
0 0.3017578125 0.48046875 0.09765625 0.130859375
0 0.41796875 0.6123046875 0.09375 0.140625
1 0.208984375 0.7373046875 0.193359375 0.427734375
1 0.359375 0.7890625 0.1796875 0.341796875
1 0.1318359375 0.77734375 0.091796875 0.22265625
1 0.0830078125 0.6708984375 0.166015625 0.494140625
1 0.251953125 0.8232421875 0.05078125 0.140625
1 0.279296875 0.8505859375 0.06640625 0.12890625
1 0.38671875 0.8876953125 0.048828125 0.119140625
1 0.4423828125 0.912109375 0.091796875 0.17578125
1 0.455078125 0.87890625 0.09375 0.2421875
1 0.9033203125 0.6337890625 0.193359375 0.275390625
