1 0.1943359375 0.42578125 0.27734375 0.513671875
0 0.9169921875 0.359375 0.048828125 0.052734375
0 0.4443359375 0.294921875 0.046875 0.04296875
0 0.5556640625 0.32421875 0.029296875 0.041015625
0 0.748046875 0.3564453125 0.033203125 0.046875
1 0.6337890625 0.3427734375 0.15625 0.369140625
1 0.8095703125 0.4482421875 0.1484375 0.294921875
1 0.5439453125 0.427734375 0.076171875 0.16015625
1 0.732421875 0.458984375 0.046875 0.13671875
1 0.419921875 0.419921875 0.08203125 0.1640625
1 0.54296875 0.45703125 0.046875 0.1015625
1 0.423828125 0.4453125 0.052734375 0.099609375
