0 0.2685546875 0.205078125 0.02734375 0.04296875
0 0.5576171875 0.23046875 0.025390625 0.048828125
0 0.3837890625 0.2421875 0.03125 0.046875
0 0.6240234375 0.259765625 0.02734375 0.046875
0 0.4462890625 0.2724609375 0.03125 0.048828125
0 0.51171875 0.2880859375 0.0234375 0.03125
1 0.556640625 0.3359375 0.060546875 0.130859375
0 0.2607421875 0.333984375 0.068359375 0.158203125
1 0.572265625 0.3505859375 0.025390625 0.09375
1 0.3740234375 0.34375 0.04296875 0.130859375
1 0.4404296875 0.3564453125 0.052734375 0.1171875
1 0.3486328125 0.353515625 0.029296875 0.0703125
1 0.50390625 0.375 0.046875 0.1171875
1 0.521484375 0.3759765625 0.021484375 0.072265625
1 0.6171875 0.37890625 0.06640625 0.15625
1 0.4658203125 0.380859375 0.015625 0.048828125
1 0.4794921875 0.3837890625 0.017578125 0.060546875
1 0.416015625 0.3837890625 0.013671875 0.052734375
1 0.5849609375 0.4248046875 0.01953125 0.072265625
1 0.642578125 0.4287109375 0.02734375 0.064453125
