0 0.208984375 0.119140625 0.2255859375 0.23828125
1 0.564453125 0.1767578125 0.052734375 0.21875
0 0.2333984375 0.603515625 0.466796875 0.4619140625
1 0.26953125 0.88671875 0.5380859375 0.2255859375
0 0.646484375 0.470703125 0.10546875 0.115234375
0 0.7255859375 0.5625 0.0556640625 0.10546875
0 0.787109375 0.5478515625 0.0673828125 0.08203125
0 0.921875 0.548828125 0.11328125 0.1318359375
0 0.9873046875 0.578125 0.025390625 0.08203125
1 0.634765625 0.736328125 0.1611328125 0.322265625
1 0.916015625 0.833984375 0.16796875 0.33203125
