1 0.9072265625 0.12890625 0.185546875 0.2431640625
1 0.2919921875 0.3759765625 0.30078125 0.251953125
0 0.71484375 0.3232421875 0.0673828125 0.1396484375
0 0.89453125 0.3798828125 0.0625 0.123046875
1 0.5771484375 0.4912109375 0.0380859375 0.396484375
1 0.69921875 0.5224609375 0.126953125 0.271484375
1 0.5947265625 0.5556640625 0.041015625 0.1806640625
1 0.9873046875 0.578125 0.025390625 0.1484375
1 0.759765625 0.595703125 0.033203125 0.1318359375
1 0.6337890625 0.5986328125 0.03125 0.1611328125
1 0.810546875 0.6181640625 0.04296875 0.1728515625
1 0.8740234375 0.6181640625 0.1318359375 0.32421875
1 0.9228515625 0.6181640625 0.052734375 0.2041015625
