0 0.06640625 0.3662109375 0.02734375 0.044921875
0 0.267578125 0.1416015625 0.04296875 0.052734375
0 0.306640625 0.333984375 0.048828125 0.048828125
0 0.6640625 0.0263671875 0.041015625 0.01953125
1 0.0380859375 0.373046875 0.068359375 0.13671875
1 0.234375 0.2255859375 0.087890625 0.150390625
1 0.2783203125 0.4072265625 0.064453125 0.1171875
1 0.6708984375 0.10546875 0.0859375 0.1484375
1 0.19921875 0.5263671875 0.154296875 0.091796875
1 0.498046875 0.763671875 0.265625 0.47265625
1 0.92578125 0.82421875 0.091796875 0.240234375
