0 0.1533203125 0.1689453125 0.259765625 0.271484375
1 0.5126953125 0.1708984375 0.0859375 0.224609375
0 0.259765625 0.6435546875 0.51953125 0.529296875
1 0.33203125 0.8818359375 0.56640625 0.236328125
0 0.6396484375 0.4482421875 0.123046875 0.130859375
0 0.732421875 0.5263671875 0.072265625 0.11328125
0 0.791015625 0.501953125 0.080078125 0.091796875
0 0.9248046875 0.482421875 0.1328125 0.1484375
0 0.9873046875 0.5 0.025390625 0.0859375
1 0.669921875 0.7119140625 0.208984375 0.34375
1 0.9267578125 0.7646484375 0.146484375 0.353515625
