0 0.1279296875 0.21484375 0.021484375 0.02734375
0 0.1826171875 0.2236328125 0.0234375 0.02734375
0 0.263671875 0.2421875 0.029296875 0.05078125
0 0.3154296875 0.2529296875 0.029296875 0.0390625
0 0.4794921875 0.2001953125 0.02734375 0.0390625
0 0.5498046875 0.2900390625 0.037109375 0.046875
0 0.412109375 0.416015625 0.033203125 0.029296875
0 0.392578125 0.654296875 0.04296875 0.0546875
0 0.072265625 0.6171875 0.041015625 0.048828125
1 0.1123046875 0.259765625 0.046875 0.06640625
1 0.1767578125 0.28125 0.03515625 0.08203125
0 0.1337890625 0.3203125 0.029296875 0.05078125
1 0.337890625 0.8056640625 0.267578125 0.26171875
1 0.828125 0.77734375 0.34375 0.31640625
