0 0.25 0.169921875 0.02734375 0.029296875
0 0.251953125 0.212890625 0.021484375 0.02734375
0 0.283203125 0.2490234375 0.025390625 0.029296875
0 0.08984375 0.40625 0.048828125 0.060546875
0 0.5224609375 0.4013671875 0.02734375 0.03125
0 0.5693359375 0.4287109375 0.02734375 0.029296875
0 0.640625 0.474609375 0.03515625 0.052734375
0 0.6826171875 0.5048828125 0.03515625 0.041015625
0 0.8564453125 0.513671875 0.033203125 0.041015625
0 0.888671875 0.62109375 0.04296875 0.05078125
0 0.71484375 0.69140625 0.037109375 0.033203125
0 0.6103515625 0.91796875 0.0546875 0.076171875
0 0.1201171875 0.6826171875 0.046875 0.0625
0 0.2158203125 0.7314453125 0.056640625 0.06640625
0 0.3271484375 0.7568359375 0.046875 0.052734375
1 0.4912109375 0.4384765625 0.056640625 0.0703125
1 0.5439453125 0.48046875 0.044921875 0.08203125
1 0.0576171875 0.7431640625 0.109375 0.140625
0 0.046875 0.8369140625 0.076171875 0.078125
0 0.4892578125 0.501953125 0.03515625 0.052734375
