0 0.4482421875 0.3310546875 0.072265625 0.078125
0 0.6826171875 0.3671875 0.037109375 0.05078125
0 0.30859375 0.4404296875 0.04296875 0.076171875
0 0.9140625 0.4013671875 0.064453125 0.068359375
0 0.4140625 0.44921875 0.029296875 0.0546875
0 0.5546875 0.4482421875 0.03515625 0.033203125
1 0.6923828125 0.5107421875 0.0859375 0.189453125
1 0.5673828125 0.5673828125 0.07421875 0.166015625
1 0.3232421875 0.5927734375 0.099609375 0.236328125
1 0.927734375 0.6328125 0.138671875 0.3046875
1 0.458984375 0.666015625 0.177734375 0.42578125
