1 0.33984375 0.0556640625 0.234375 0.109375
1 0.8134765625 0.236328125 0.271484375 0.27734375
0 0.8056640625 0.01171875 0.197265625 0.0234375
1 0.046875 0.625 0.09375 0.171875
1 0.1962890625 0.609375 0.126953125 0.140625
1 0.5634765625 0.6416015625 0.08984375 0.20703125
1 0.0927734375 0.6025390625 0.041015625 0.126953125
1 0.5009765625 0.607421875 0.0546875 0.13671875
1 0.2568359375 0.6181640625 0.033203125 0.1328125
1 0.130859375 0.6201171875 0.03125 0.158203125
1 0.3076171875 0.6396484375 0.04296875 0.171875
1 0.37109375 0.669921875 0.1328125 0.26171875
1 0.4208984375 0.6396484375 0.052734375 0.203125
