0 0.3330078125 0.2041015625 0.0478515625 0.0986328125
0 0.71484375 0.20703125 0.0380859375 0.0673828125
0 0.4375 0.259765625 0.04296875 0.0986328125
0 0.5693359375 0.2958984375 0.04296875 0.052734375
0 0.87890625 0.3505859375 0.0478515625 0.08203125
1 0.17578125 0.3740234375 0.1103515625 0.3505859375
1 0.3125 0.3916015625 0.0986328125 0.2548828125
1 0.703125 0.3916015625 0.0986328125 0.228515625
1 0.431640625 0.3994140625 0.0869140625 0.19921875
1 0.5537109375 0.46875 0.1005859375 0.2236328125
1 0.865234375 0.546875 0.09375 0.2666015625
0 0.1884765625 0.0986328125 0.0673828125 0.0673828125
