0 0.10546875 0.3994140625 0.0361328125 0.052734375
0 0.3427734375 0.40625 0.0380859375 0.0478515625
0 0.7177734375 0.2138671875 0.0380859375 0.0478515625
1 0.0693359375 0.435546875 0.0576171875 0.0478515625
1 0.322265625 0.44140625 0.0673828125 0.0361328125
1 0.73046875 0.3076171875 0.0576171875 0.1396484375
1 0.8798828125 0.2294921875 0.240234375 0.458984375
1 0.2275390625 0.775390625 0.2880859375 0.26171875
0 0.21484375 0.533203125 0.16796875 0.07421875
0 0.78515625 0.81640625 0.05078125 0.07421875
