1 0.3818359375 0.0810546875 0.298828125 0.162109375
1 0.7763671875 0.421875 0.31640625 0.30078125
0 0.8359375 0.20703125 0.17578125 0.115234375
0 0.3154296875 0.7001953125 0.083984375 0.087890625
0 0.1494140625 0.7607421875 0.0546875 0.08203125
0 0.24609375 0.8017578125 0.0390625 0.056640625
0 0.380859375 0.8447265625 0.04296875 0.0390625
1 0.3623046875 0.9296875 0.083984375 0.111328125
1 0.126953125 0.857421875 0.111328125 0.142578125
1 0.2548828125 0.884765625 0.177734375 0.166015625
1 0.8076171875 0.8203125 0.314453125 0.359375
