1 0.37109375 0.140625 0.208984375 0.28125
0 0.337890625 0.4755859375 0.0263671875 0.0146484375
0 0.1611328125 0.484375 0.029296875 0.03125
0 0.2275390625 0.4931640625 0.021484375 0.03125
1 0.2744140625 0.5380859375 0.0556640625 0.126953125
1 0.291015625 0.5517578125 0.01953125 0.091796875
1 0.0927734375 0.552734375 0.0380859375 0.1298828125
1 0.158203125 0.5625 0.0478515625 0.115234375
1 0.0673828125 0.5625 0.0263671875 0.0693359375
1 0.2236328125 0.5791015625 0.04296875 0.115234375
1 0.2412109375 0.5791015625 0.01953125 0.072265625
1 0.3369140625 0.5791015625 0.0576171875 0.154296875
1 0.185546875 0.5869140625 0.0146484375 0.0478515625
1 0.19921875 0.5888671875 0.0146484375 0.060546875
1 0.1357421875 0.591796875 0.01171875 0.052734375
1 0.3056640625 0.6259765625 0.0146484375 0.072265625
1 0.36328125 0.62890625 0.0244140625 0.064453125
