0 0.1375 0.1328125 0.084375 0.08125
0 0.25234375 0.19609375 0.0484375 0.0515625
0 0.3875 0.16875 0.05 0.05
0 0.45390625 0.18046875 0.0546875 0.0734375
0 0.86484375 0.18046875 0.0453125 0.0453125
0 0.915625 0.06953125 0.084375 0.0796875
1 0.17421875 0.33671875 0.2640625 0.3109375
1 0.26171875 0.378125 0.0671875 0.115625
1 0.384375 0.30859375 0.08125 0.1578125
1 0.4671875 0.3109375 0.096875 0.19375
1 0.66484375 0.2859375 0.1078125 0.19375
1 0.89921875 0.32421875 0.1296875 0.3296875
0 0.6578125 0.1265625 0.084375 0.05625
