0 0.18984375 0.1328125 0.0671875 0.09375
0 0.49140625 0.228125 0.0515625 0.090625
0 0.33125 0.2421875 0.05 0.075
0 0.546875 0.26328125 0.040625 0.0640625
0 0.4109375 0.2625 0.0375 0.053125
0 0.61953125 0.30078125 0.0453125 0.0921875
1 0.1671875 0.36015625 0.11875 0.2921875
0 0.7890625 0.409375 0.0625 0.065625
1 0.5484375 0.40234375 0.05625 0.1890625
1 0.403125 0.3984375 0.071875 0.196875
1 0.478125 0.41171875 0.10625 0.2578125
1 0.6015625 0.43828125 0.09375 0.2390625
1 0.31796875 0.44453125 0.1078125 0.2671875
1 0.765625 0.59765625 0.121875 0.2734375
