0 0.17109375 0.10234375 0.0859375 0.0828125
0 0.2796875 0.1765625 0.05 0.053125
0 0.41796875 0.16015625 0.0515625 0.0515625
0 0.48203125 0.1765625 0.0546875 0.075
0 0.89140625 0.21484375 0.0453125 0.0453125
0 0.9515625 0.1078125 0.084375 0.08125
1 0.1890625 0.31015625 0.26875 0.3140625
1 0.2734375 0.35859375 0.06875 0.1171875
1 0.4015625 0.29921875 0.084375 0.1578125
1 0.484375 0.30859375 0.1 0.1953125
1 0.68203125 0.30078125 0.1109375 0.1953125
1 0.91328125 0.359375 0.1359375 0.33125
0 0.68984375 0.14140625 0.0859375 0.0578125
