0 0.1703125 0.15 0.0625 0.090625
0 0.47734375 0.228125 0.0484375 0.0875
0 0.3171875 0.2515625 0.046875 0.071875
0 0.534375 0.2609375 0.0375 0.0625
0 0.39921875 0.26640625 0.0328125 0.0515625
0 0.6078125 0.29375 0.040625 0.090625
1 0.159375 0.37890625 0.103125 0.2890625
0 0.7828125 0.39375 0.059375 0.0625
1 0.54296875 0.4 0.0484375 0.1875
1 0.396875 0.40390625 0.0625 0.1921875
1 0.4734375 0.4125 0.09375 0.253125
1 0.5984375 0.4328125 0.08125 0.234375
1 0.315625 0.45390625 0.09375 0.2640625
1 0.76953125 0.5828125 0.1078125 0.26875
